4183091
658539
471605
456101
469109
486436
460271
500605
746724
389130
477327
403891
468769
397729
455250
467455
452203
450479
447664
650151
453437
372105
391676
431129
392578
399712
598392
415345
424195
406447
391937
476756
428524
468828
477547
432943
346480
420687
293098
263917
301465
312389
245087
282465
275782
315505
360230
283368
295443
234114
339666
217829
293729
200041
305484
335136
207568
460210
239676
246700
234455
371253
288589
279469
250488
247261
264227
314202
307508
323863
339425
323231
260068
269679
362704
259096
246570
334536
360109
253906
274038
270160
234545
257583
338665
313020
337432
300915
324915
335307
321137
261271
456623
332722
385993
292597
205574
279229
256631
252472
308631
296796
265680
269318
296034
251901
326719
291204
308350
349547
345208
298740
309252
224113
356021
286484
339866
383499
259146
431500
427010
449137
490675
520247
443285
371263
300073
283598
232751
226508
371112
262323
266682
254466
275942
244225
249295
262103
168375
190972
184770
179278
277024
217860
359748
257493
316357
234915
231538
308640
324053
305244
307268
451763
319253
332682
322941
367956
260218
399853
359267
292196
357323
399483
487387
423844
453496
415566
426199
401266
392909
327430
339125
311707
358727
276683
359819
370872
297197
290332
279790
214101
345027
330327
293669
347633
366052
239716
311847
351882
337010
309773
245678
321137
219323
269549
266251
343004
350409
314924
334445
348796
274328
281884
360811
375682
385834
449638
357013
398139
992883
866898
377596
348395
297407
304232
335929
402870
261040
449929
277505
271653
355710
252051
268185
316868
264799
287216
305424
256982
185431
219523
200422
212969
159627
202688
196053
230326
187365
168245
177535
157181
235396
284861
165920
301586
249446
252603
201796
347262
256921
243734
310194
273937
255108
245096
259046
220846
329595
297698
317299
298589
315646
211296
252292
315705
287366
278347
249366
188117
273406
186393
308250
172835
235707
184649
229895
205674
207247
200934
187365
164858
185020
162283
195433
224925
164226
164687
192957
164456
212879
171412
213220
287666
190743
209321
244466
211145
282897
268376
234946
270892
234525
184098
172964
204280
193237
175189
170931
149515
165358
156711
164717
149314
155127
154797
208399
183888
203198
224403
197276
180581
186624
180330
180882
188919
192366
171091
171672
178777
196233
187455
295002
157883
300153
221597
269398
224704
249797
238754
229574
250929
339336
295152
266752
211316
230927
230296
222309
258826
240447
253405
206866
212999
196223
224945
207468
240627
237060
213620
279950
348736
504654
270951
245337
178145
222850
185151
186042
1088054
232831
172513
157772
180521
178426
166611
173827
193438
169747
188858
168025
208129
174578
160198
201495
182805
163424
184288
183276
221587
173385
164547
201986
184840
182304
166862
207868
142400
174719
184830
144254
189118
157081
153314
162212
167143
186283
155828
158525
190602
190903
241690
236468
210264
211316
211607
257713
202637
219553
235797
214282
215765
234394
221618
203579
201996
185912
240487
198839
195953
181132
228401
246289
262473
196053
204511
220605
236990
259236
311045
290001
282135
257593
221426
211005
229674
229774
237180
184098
171491
190732
198870
194710
227801
255057
276854
197947
212438
204191
175490
189559
171131
188478
177745
226908
204381
157552
195031
230666
213861
248705
209602
285993
289180
905148
310465
381655
288950
223040
216717
206104
210022
185171
176051
213270
184309
178997
176472
182915
207728
215635
184519
201395
214202
172253
195893
221006
195171
241689
196825
190432
172484
189409
216126
174648
196865
206224
178687
200403
213109
183116
188748
190491
187435
209010
193417
213530
171802
161290
183176
201655
151650
155197
160138
179298
177334
240698
218260
225586
164687
165028
162522
167493
190352
171001
176341
196404
189459
171792
191323
164978
197988
184870
215886
249806
215765
183577
179288
193308
246289
177104
189028
214993
236017
215925
187204
252552
179018
194951
174067
224333
211586
185131
202687
247201
228662
303159
165028
238343
253886
185211
188638
198017
244756
202346
213360
210975
220204
298309
241530
199782
173666
222499
204712
219493
212558
179909
223230
198979
196895
169317
163315
198299
207668
170469
189149
199861
183787
208530
174819
194120
212949
220184
228933
166752
152853
163044
147521
152993
150668
191263
181893
198629
196454
179728
193799
170339
163716
186934
200022
202247
207167
219893
189219
208891
198077
198709
201635
201415
189520
179228
181553
204992
176222
145106
203680
171271
237651
218291
177735
192315
146830
186754
158224
157081
159326
164427
167774
216838
166892
149636
176151
192005
171271
186814
176061
192726
186764
185060
149756
174498
181774
199311
268536
227329
242431
214132
189359
269559
213661
233953
180049
199470
183557
178907
161972
181312
234644
179789
192055
231548
165279
175330
157883
202878
154887
205533
177714
174688
182274
228652
232911
174127
187224
193819
186463
186944
191374
191904
203769
199160
183076
191935
197266
219182
198499
200542
182946
189980
194981
187274
173345
192395
162122
186463
162512
170549
183116
190632
215584
196674
198318
170951
140746
193017
174769
162553
200603
197226
219423
206696
165208
186513
506969
295362
310415
239324
270170
208209
172815
190241
165759
176202
160379
174908
170640
219372
190361
225145
250829
199540
217790
189209
207768
270380
215184
197276
216045
206866
221948
219333
160979
192526
194610
192265
165459
191324
191824
200974
170760
179489
185070
177114
197496
196905
207778
183807
188077
230687
166872
213149
172304
146499
248394
271643
208650
254657
203940
191504
193809
291965
274839
205092
248414
173966
156991
161520
172093
223020
166421
211186
268616
199982
169668
232982
248143
214442
295493
280040
253264
214692
206275
245688
220666
171041
208961
189259
202507
192907
177724
188537
205503
155598
169808
156089
178046
163504
172564
173486
184008
186964
188918
205333
177023
189229
193388
170329
205343
241991
188126
188598
178516
166320
197767
183407
187425
216857
232059
214362
219734
223231
235517
182214
309262
241159
262022
216116
269098
190993
194691
288208
181873
224734
267775
227539
259698
199821
238863
263365
284670
213840
293208
261421
241529
194901
228422
205814
237170
244716
237601
231809
269819
217429
254788
275461
251590
236068
242131
185922
143603
162833
195843
180310
175069
200342
234184
230516
292026
222860
193548
175660
189379
170008
206996
180921
213170
273848
168525
230706
249897
260850
333002
219192
171251
281744
262153
197175
247351
190531
273427
273547
259286
179288
261772
250728
226648
194149
204672
165780
308170
613123
286865
258896
559730
396937
471053
333644
234574
349898
344486
345399
320225
254216
267303
266573
237802
228242
242281
244686
210714
252803
1213158
599093
434767
482778
410546
302829
553397
292266
251711
270440
210323
208059
210815
244245
246991
219563
212238
311617
273557
246169
214873
237701
200232
193418
198168
218180
238883
222520
282596
227590
209952
157462
169066
203068
178496
154886
174388
166892
164106
188798
186784
159446
176542
182345
521179
224764
183206
217779
199070
159607
187866
160489
210945
183497
195162
203349
216957
204040
184108
232309
191975
220414
215475
184358
194680
208259
181813
149886
173105
170991
180521
208009
178115
194701
237310
160899
151139
168906
178467
152111
202226
199570
163825
184448
210684
155287
191884
169969
184499
206686
224493
184880
217990
213760
184680
215645
193909
207467
207798
199851
206946
220996
201685
193578
174488
199981
173025
192686
193347
172885
175109
182114
182384
176873
168946
214933
177224
185461
200122
203529
172404
166301
179068
174338
164346
195171
212849
206786
236499
223561
226608
200182
178496
182144
166130
184449
172915
176352
169377
191223
165940
204451
136688
224303
256541
257603
255669
227911
248885
199170
184189
167754
252221
192867
146128
219683
330506
188547
312680
266572
225907
191173
173236
242070
270971
243894
238913
215965
142150
313080
190762
182865
163114
165609
188818
186594
175219
190020
201815
165118
160689
182906
140627
212428
168215
217329
195081
191444
171882
171642
171872
190532
169007
199571
202657
204621
203038
183367
211737
185862
181312
187456
169016
207698
164818
206896
169027
167403
248143
199420
182996
178807
162944
192416
216376
182515
207457
246509
234093
226308
276393
253284
229123
260599
229754
280852
191424
245828
151860
216406
188157
176021
177334
182965
208399
200272
215224
189148
182645
205503
188397
221366
173145
180801
175250
185311
197266
165489
195943
176673
296836
230516
197507
238413
256080
222378
179318
165068
177394
182555
208760
180942
213931
220194
212628
223551
204270
196154
241509
187235
174258
188678
174658
176251
179528
174988
208620
174778
174849
192386
164487
179268
142380
212338
206295
240908
186293
180490
162744
180120
193618
179579
171552
174087
184379
172083
170770
160228
191614
187045
221487
192135
185682
193659
162542
405605
270650
180671
208409
189630
164177
166401
256381
287506
152371
151199
187936
194550
244425
216537
170008
161039
279790
184670
258625
167263
203509
227961
195683
197938
184128
231037
242812
182174
214462
196845
226107
137189
183416
152021
156530
185310
185481
160378
186784
172775
183758
188808
187436
163455
165700
179609
167242
172845
198459
219904
204731
190251
180341
188698
192405
207277
217559
168355
192586
153363
200213
199010
173245
195542
167743
177213
160258
155387
142962
179137
169077
252502
161010
165729
199581
208569
201515
242361
187515
248454
176933
251340
207598
195361
268286
240347
197797
272795
274569
270620
227560
245147
329034
250168
189971
259146
225666
205483
228091
210564
249786
247372
241068
219242
202998
237010
329735
257032
247522
215805
234214
232210
276372
228652
211797
250258
233402
227710
279610
175129
178597
165799
211385
156289
230616
200052
195502
165199
239075
189440
154516
193017
133772
224463
201595
178907
175129
191654
190251
163114
242862
233122
205022
216637
172313
206496
161651
167744
233002
219132
183848
191784
208841
185251
177074
213119
164045
179559
157853
166301
151780
148854
161621
259828
236689
143252
237020
194349
171532
210153
266021
290081
190992
195051
194731
285321
201515
182265
218120
217689
176743
274448
222389
182194
213290
194681
173295
200623
147481
168205
175069
166071
165609
153073
152962
196405
160839
212227
187455
181432
164056
166431
132750
165729
159596
170690
183647
184118
201525
191464
173396
170830
169538
199510
183066
146288
147641
163775
143703
142881
162011
150748
153183
175761
161651
179047
194571
189710
164778
207237
149916
148202
157021
138883
158374
172975
204071
146208
215404
224423
287657
188938
186272
257643
205694
227941
180270
180811
176863
203709
155468
213420
167804
158995
175169
166501
159106
343955
263195
185080
217659
199701
186614
176743
172985
184018
278127
251560
253374
272756
186573
186533
275582
245528
223972
159967
155218
141909
174308
160318
213891
254807
252352
227440
224494
207438
314464
233512
477467
200312
344927
347362
347663
313421
287065
237871
249336
285111
269809
310735
237921
218551
300885
230676
322800
329054
231729
181282
253374
276543
287005
253275
229063
289901
272675
222810
257372
323873
283037
233492
300163
250208
224814
301586
281213
250999
269388
226247
231107
206185
190872
375262
290683
311637
285832
318652
299251
166752
229454
242992
160388
169057
337411
181102
186243
301235
279258
222710
154777
355820
225576
280021
312068
244966
221317
158394
144234
286684
199561
269108
213019
190221
219472
202928
265630
241870
200332
252863
228682
278146
181864
207898
189059
337682
231768
288599
271412
259137
310385
329295
272174
214572
238373
222819
222339
216236
287116
359990
313140
206936
296706
253414
244806
180080
211366
207798
177003
158013
226227
241018
210664
271653
275731
186824
209852
203318
314843
213079
264337
199290
262062
233803
272324
277836
248624
290322
247912
209702
247833
200322
300905
235075
344306
160549
247131
197697
253565
190161
214743
149114
163625
151509
206315
212118
223351
184579
243563
146689
201445
213811
154295
233362
154786
165840
202918
174388
175430
170861
200032
161851
199862
153524
142941
183747
181803
170169
164807
165760
160268
141268
161240
170440
151710
146319
144665
139224
132579
138121
158604
173436
157241
162903
166801
155818
164477
159987
169688
171972
144605
231498
171902
165719
185822
179910
190432
170008
160028
153774
165118
138221
169077
157993
137590
151720
178235
165299
187596
276273
228181
226988
233112
195001
217909
235206
212568
250298
186774
214813
181794
171782
151660
165118
186463
175700
196564
174127
368777
216617
197807
172533
177995
183216
180240
173496
173556
174648
173676
188828
249706
205875
167183
187566
258826
200843
247532
212929
184258
236909
196113
215154
191514
258485
205974
210794
288729
252332
277145
190572
238443
173245
265750
299892
275130
185050
248133
248283
226187
219533
282807
250498
239996
278637
263005
263556
286885
232420
274539
261862
235186
226748
203830
168005
336540
202367
188267
285492
271302
264618
263365
309944
239325
196344
204431
281774
267344
212117
242100
200072
254828
374058
228512
198800
220935
226577
217689
180631
183687
154034
217940
176832
185331
273106
243012
171352
187465
198829
177444
212829
210744
202287
187986
204030
217589
247532
254376
256210
238794
211736
274038
260750
294431
193748
247241
215745
244285
174488
207688
255689
197506
316287
303981
206506
249415
256651
244917
202847
271883
264698
216577
242030
247903
268396
306707
202206
267644
266412
277725
285091
240968
239284
284851
272755
267063
260219
252282
259778
255098
263505
315305
302639
309262
236378
260679
242672
298208
242952
276133
268807
244646
221507
258084
293539
244516
176171
247050
214633
235507
259627
260750
194510
244786
204461
235206
262934
224734
299301
223873
221908
241750
251070
216126
277495
208510
284681
276933
248754
256351
268135
292457
282516
231257
332401
245297
329284
307348
265790
232901
276653
205423
269097
285231
261972
225034
267374
287406
274509
284290
278858
249646
255810
242241
194911
270440
321898
213460
211506
194801
281273
191764
274399
177775
252893
172304
276584
200954
268476
245899
300895
231609
185020
182525
187896
194530
226858
205072
204281
203889
211677
242381
163965
165118
172062
144024
187926
143333
170990
172935
181532
152752
158594
171792
157573
135857
188628
165479
181142
176131
187746
185662
186273
174979
185431
337642
269157
205012
179338
201475
164447
188046
167613
159687
154877
146348
155889
159677
155227
146569
167323
184148
171611
167564
190302
181152
175590
181943
175199
154024
156220
170530
156611
149435
156770
152472
189650
182936
164367
168325
179589
153203
216657
224934
222179
159235
161952
190101
151098
165860
184128
177364
214984
152601
150237
149355
144224
156009
154276
168997
164307
164347
212849
148794
158634
153924
145848
156370
160739
133602
192065
182244
170690
152992
153424
166010
150918
183757
163906
159366
150197
169267
158945
169638
154616
174538
174147
165388
156199
137470
172644
170820
180040
165008
177323
155959
164667
153203
154837
150888
162643
151910
151800
181764
150437
190642
164366
189359
536591
237821
213460
190061
168876
179388
171472
168936
175941
164938
174187
177354
176371
162673
176672
170800
168215
185421
175320
180611
168465
159657
175620
155708
186794
169898
168465
196755
167513
161421
178347
185862
164677
169066
189289
198820
177895
192687
168214
170279
179479
162513
180721
170059
166020
186734
184008
172163
163034
186824
187936
191974
212528
194189
155197
209572
203840
189950
192395
189549
210584
193548
197777
184880
191573
203158
201345
204161
184530
204280
202717
194430
188067
173436
209181
179729
201916
188848
194931
203308
186132
184138
169848
200723
231608
206516
183066
195833
247652
207288
214091
146740
187636
194009
162923
163665
186704
196154
204642
209462
195622
207287
158064
212278
196475
179629
196785
165749
211857
185571
179167
181913
213671
192115
210133
198629
186183
229684
208680
196234
225495
199120
179819
176873
189349
183276
194570
155488
157241
185030
177916
164517
189429
159216
199561
174477
171271
183497
176963
193718
176211
171743
166100
159487
169237
160448
194821
189730
171782
184309
178166
192977
154837
175891
171802
179689
179769
178085
450830
204050
192416
187165
171602
190602
168866
196775
194430
171922
161130
184328
186864
194109
161371
170349
158734
156731
162011
177053
183767
207357
188688
164677
180150
179449
156630
180110
162703
195683
159516
162122
160027
174829
163324
184950
156941
182305
179088
170750
174959
172945
162322
154235
138883
211576
175711
148193
190763
201615
170880
175180
182044
214873
168466
174538
165950
183878
168174
161531
164808
175330
189620
173807
180009
184348
173276
160298
194530
150016
186083
188427
184619
166391
168174
172002
168616
182535
137560
177484
164467
162573
174769
190061
187796
161621
165108
188678
167163
170781
166842
163565
150307
173756
148894
140837
132660
148844
145427
214562
214973
200272
186874
206826
195692
146028
138131
149285
146959
213510
270129
176573
194460
143062
193879
159587
197747
186313
227670
200714
217117
202316
212929
315576
194691
230957
213701
244435
189800
221036
210063
258726
217018
179368
193288
239996
187265
198950
194850
219262
238162
204431
279780
334786
178206
220666
278738
287837
288919
265670
193408
297557
303810
247131
217268
226207
283558
181703
273356
158996
156570
258825
199681
252793
267013
202437
200362
181943
199661
230646
163384
199110
177364
172174
213961
212167
269057
245939
214262
163104
153654
188738
173075
171130
166341
176643
207227
265319
212659
174468
231368
151039
232500
162743
221016
235847
156109
199500
191524
214492
207428
265951
216908
206476
177905
222960
195692
271733
162593
174688
157422
200924
215344
186794
232911
190081
216547
241609
221387
207077
191463
287847
293128
187776
199340
286133
240877
264789
341009
349297
273045
218330
222149
177224
181062
181082
149927
172344
165830
175881
160328
170239
160900
204581
169187
170269
174057
182465
203339
203740
195041
198348
215515
368076
226728
165719
191915
166541
208309
162883
172524
156820
156129
153063
197928
252502
233502
246791
198238
275961
297116
217739
228943
191433
183286
179870
172223
178195
165439
182515
185822
164327
140125
171702
164066
190161
184278
177454
167463
166411
181242
169968
158104
207839
186664
162944
175801
177344
189650
187957
185160
167363
163686
172153
170790
174979
180671
188918
187405
178185
163355
166190
166511
157973
168455
174839
176031
161370
151379
194891
165288
172504
190231
166591
163124
158404
157803
192045
174148
171822
163855
177094
176041
188277
169337
180561
176071
172082
192616
161671
150658
182455
170629
287106
262223
235998
179088
197687
224103
170309
186824
147762
180540
165509
186353
232190
253986
284520
295212
262825
216316
208239
220775
235807
236909
243202
161471
186103
216957
232440
184429
280021
178587
222329
250619
226017
214993
275551
151209
248885
203910
249787
188918
190391
174498
184900
184038
174248
179969
290372
261171
223491
193238
256140
217298
248404
194250
217789
195522
176292
162412
191062
189009
162633
156409
157563
146068
135415
160298
151770
204532
230456
189981
188397
221918
236388
233763
299381
282706
210705
233342
175119
232670
218441
263555
275201
263906
623314
232310
162021
181372
165409
168224
225335
228231
197937
163665
187255
218049
209592
232210
187015
218421
252522
189951
290322
228662
194180
225506
191393
273537
233392
285682
209562
208490
165028
224112
180470
183056
211015
223121
185391
219042
211116
169778
239184
212468
273366
193488
218561
218230
246871
199591
205664
214623
220705
296976
163595
175189
162002
193418
221076
133512
231027
166601
194000
185090
230135
189400
187585
182404
192205
161009
175079
192516
196845
176392
174358
195613
216596
206034
178917
340318
199822
212838
202387
199951
281153
337943
299471
206245
182325
193598
194370
227650
223241
158484
191123
191514
454728
238614
208299
181212
160669
170820
221116
262774
279630
270541
165970
231208
265691
217318
193889
216195
219793
239174
216296
173075
172584
168425
188007
174958
166200
172373
231688
247742
212519
245398
195753
209451
301546
146910
233012
226668
227229
224253
262964
302988
239415
229795
187856
257443
370170
308540
217338
280301
310595
237421
346691
316588
312970
305725
222248
235205
194991
244666
232781
206415
249587
150527
261982
173105
275170
194089
158504
170350
263606
189279
235807
318181
306767
305644
311938
338744
258435
237942
227529
223672
275581
289280
265380
246139
274318
256110
241278
250357
304843
303109
280302
294571
293469
239484
299281
229234
319904
307438
255870
257323
247632
220886
224594
257143
273176
253295
261281
223131
329875
241369
236679
257253
242391
257984
235506
188849
203199
168275
186713
187756
219493
199571
178727
192987
189069
196965
197135
231298
230577
201615
246971
239575
254897
255629
296034
268526
212929
243113
279820
222098
199441
222600
261121
309864
198709
152461
177344
233943
269939
263906
174838
301716
211495
190591
179669
158274
159176
216547
174949
296836
212357
194100
165489
278958
202457
260329
231678
290282
294180
207307
204953
209262
180942
160990
191534
160138
208850
262925
172463
154767
197687
170559
185983
180490
169387
160699
154365
169137
176873
167282
182164
195021
221737
198118
232781
228652
153433
183146
183547
299161
236108
217158
273818
254236
244265
289971
185090
272675
182785
224203
183507
196695
212598
207648
183266
174678
173366
155277
173997
203559
235437
266111
195131
210825
290583
270511
176151
236669
276654
172213
214252
199140
168385
191964
221747
240166
173576
247422
198839
219152
286364
262253
273356
197827
171191
177585
217549
198629
268777
185310
155959
217629
231769
203589
222109
252262
211837
210123
229454
564009
229944
227991
253153
309713
288769
224012
271462
202466
171582
189920
189560
204080
214483
306175
229294
286063
261151
291504
346019
216005
215845
180571
165689
253925
253875
248494
302097
305525
264688
197356
250148
224433
221266
235125
216246
213521
212388
211416
219182
208289
156039
173316
172264
195512
168215
168496
177985
169758
189018
191273
191072
180260
145366
200203
178306
169498
178877
163204
169237
182815
170009
189359
187014
169457
183858
169627
166390
171621
147010
145367
133792
143814
172304
147592
183457
165880
174137
156600
183387
180029
163245
194460
145446
165429
183277
176592
206145
193748
171882
164076
183968
231448
219002
263586
225575
216146
189730
207177
357183
231909
207678
219783
191955
218361
208670
208920
203549
216356
192997
211446
282285
232621
192807
177664
179940
188287
220655
200393
214051
186413
159377
204391
183757
184519
147822
144665
164046
158744
150096
204581
162693
182785
181062
159066
168575
153364
136588
171902
155518
187215
169006
169107
174087
186874
167413
162152
135646
194550
210484
210554
199601
198218
181172
155558
142430
188618
185170
192647
245247
236839
261030
237561
207778
253705
162332
154566
152080
153965
207067
201936
180100
160609
204562
210875
207678
180992
159296
158674
170820
169397
198368
226889
234866
179318
194680
213690
293038
173827
264638
296956
277074
175670
196054
181683
265279
192105
240507
204070
164156
262815
295052
250899
220816
229935
228281
316076
283899
264467
232951
182605
165129
196725
204211
178196
228171
155358
175500
257553
197155
260900
202166
275761
171962
161370
150257
216036
156400
202978
215925
307088
172834
144775
249726
474099
181092
195833
266542
226949
197797
177725
223992
239665
222840
188287
162443
174418
160419
150517
143332
158725
162643
154766
151469
146829
175660
355750
264868
228351
204591
204922
202937
274027
233773
234194
250499
196244
177063
161471
297798
243233
324895
267253
344075
258996
227830
255269
232590
272063
277635
246399
219934
170389
200102
181964
255649
155628
169387
168164
193458
239946
168776
156249
276212
195271
191254
213780
226738
278076
271091
286124
276593
270120
349497
292727
218741
342452
252432
213160
313531
241399
201405
269388
298900
357394
213491
254777
276172
218500
270089
264588
302478
263165
235076
296575
219873
231077
287557
249947
205674
226427
232129
203399
187867
222479
205273
244917
348745
329465
161931
290783
259788
228071
259046
270200
284730
245979
257673
252753
230005
143953
174348
232079
175730
269658
209682
225846
299372
246950
297788
224303
307629
186133
286534
204922
281283
240577
221768
235246
276823
255017
270630
300132
200923
165549
208439
204551
178356
180461
192246
178506
168234
174398
160728
165048
282866
167634
198799
222870
194330
136668
174588
203199
259918
208570
163134
161069
193258
192165
200493
138693
179759
221056
222149
243663
266372
219402
303319
229394
199341
267995
320936
217118
213280
239665
315305
209322
188628
215474
204031
153544
233613
245337
252352
264076
224904
297267
283298
291024
265019
283698
252342
243212
241509
178096
221067
174839
251290
258064
202878
304492
174117
265831
167864
185050
195662
225094
188117
190512
184890
174778
170149
172965
166170
181753
156099
132449
176662
176181
142811
180941
168856
180611
205272
182053
202718
202587
261802
269478
291254
215475
216737
222429
198800
215354
214081
214442
179618
259337
229514
316658
172253
175470
205103
179999
169648
166932
158835
177935
162142
149766
163715
169998
166721
187396
153453
171572
213109
256712
243784
226888
258455
194200
176372
197136
197046
197587
276473
287185
531280
214082
235727
159295
172764
395695
173536
376885
198609
174989
224373
314133
258095
289481
222800
336319
238432
235987
179187
254617
272455
248424
244766
290192
323923
259637
332792
278528
260560
226317
264688
235286
302237
299111
246209
270350
312118
265540
299180
241039
203920
293118
320656
310625
339345
286784
242031
276884
242491
277566
194981
198158
269759
297297
252081
265811
225716
294060
237952
189640
269048
220094
313080
271643
302869
279750
252262
252563
190351
254747
220304
244566
189048
227279
207768
306195
250568
301425
252943
279830
285282
239775
312088
256471
324965
317790
294581
293037
304081
309352
293158
261281
357263
254496
275090
321027
231027
247361
253444
270891
229263
204181
240938
218350
218821
230135
214242
224423
220285
189199
330236
189168
155838
170931
189560
170109
204572
234575
172634
153604
170499
179518
180782
173145
159857
194019
182785
152441
178867
167062
208610
195622
136507
160087
174618
216808
162202
161199
170850
164827
159266
164106
185872
179308
206776
199069
164467
184188
190792
264457
168515
222790
252372
157512
165118
151350
195742
208389
189720
234023
201815
154636
168666
210413
190020
171241
205423
154285
189088
166801
189629
302207
175420
251400
265570
243824
187195
227320
187676
199601
218079
187155
182935
200031
181713
206836
183807
203258
188938
202507
170920
175771
167764
172664
169246
129623
168025
152502
162362
150417
207046
193468
182475
206456
149255
256551
243994
273838
300123
183036
265750
264748
252422
242120
284971
294370
190692
277214
310946
236709
208239
258916
277896
246920
254877
232891
223982
225556
240657
251791
227129
226617
302317
199010
219673
228632
306957
269729
287086
295292
365371
395193
371985
341560
325887
270681
252062
238853
241950
288979
260239
264898
270791
240927
294079
335307
270651
298769
440048
635470
378458
302989
296805
241018
413802
246530
229675
261111
272074
237080
225285
198318
222068
261832
188798
280722
176151
250649
264328
280832
237822
249937
270761
233863
210033
195562
288568
243653
249356
302428
319374
295022
331830
237190
282566
309392
267114
256371
287155
313711
262093
289620
285442
317429
302829
266832
309152
239735
221497
215855
233112
224924
222109
186443
222569
214252
181292
182505
187295
356863
206937
190301
168114
185441
191975
153112
132549
184960
203770
205213
221818
192797
237291
235777
261441
226467
304111
247131
205643
198749
206786
184469
166220
150678
199050
170589
192085
186533
170990
169337
162332
173605
185491
169798
175540
190040
177243
172975
172324
151149
167713
185020
167343
164617
157412
178807
168565
170540
174869
332161
207177
178967
182665
165659
185360
171461
193408
168185
163334
164857
152722
163515
152552
176242
163845
150707
152982
187926
178757
154385
165409
173836
197155
181313
190121
177384
181362
183717
188197
167333
180230
169888
181783
203288
176622
185742
173105
190822
182544
174849
168295
186312
196184
180771
170710
162513
160739
159216
176272
161942
144414
197476
185000
170349
180159
171342
168525
175891
157231
175029
168475
180050
163033
164998
171361
189099
160599
241208
177865
282465
255288
253303
230255
172123
264067
220074
219042
305353
203018
205803
207858
216387
242712
190141
195051
183227
173145
178977
187836
168395
173045
171882
171732
158875
165258
158734
163825
165439
188398
206726
175560
154325
169949
156610
169468
160218
167764
176523
172865
178817
177354
188939
159506
152160
173906
181242
190060
208880
232581
230787
189299
211496
192235
216557
232320
311707
267725
270461
281644
276363
232700
282566
258355
277695
266191
318662
196003
206585
282125
250678
320546
293769
251530
258515
894656
387958
330957
339727
276062
242111
249746
250498
237321
241128
253495
250318
216627
254807
195502
202186
233192
303039
258766
316567
289490
267585
198538
209632
254607
258535
262423
216376
188598
229263
269398
333152
280371
265409
212067
252853
260650
274409
201024
182214
194661
269167
316266
340237
272364
291404
283838
258816
251871
275150
277946
197526
205453
233693
292577
243493
216677
273476
320857
261642
241890
225906
233453
297717
216336
280462
216175
212698
276673
285151
263556
250879
205854
286404
247471
296616
267915
251330
312980
220746
281113
241148
277265
225184
214121
249796
205814
172795
223201
167173
273647
235787
250838
175059
202036
227299
211987
205403
174158
253906
194199
213109
201295
266382
229333
215194
184539
202307
224203
166371
142741
198068
174207
227259
208470
190622
148332
256921
234374
282786
200823
163976
211566
431850
229003
234654
187134
235607
247893
199030
179919
250859
201344
245547
292827
263435
206705
348735
311046
243273
334645
316878
338373
287195
306586
222650
218611
239776
191664
293439
205884
169297
181883
224724
149575
148383
226988
186112
294260
207397
236087
282135
307408
267745
284189
193438
261201
264868
249015
247201
290182
255589
312358
299431
254476
221517
170780
164176
182625
248203
246800
187616
210384
167212
202607
216165
190953
208440
199150
235967
240207
269247
282846
255468
271011
307298
265149
266462
329324
305925
253024
212949
328141
261712
271292
237932
216727
210283
175240
232119
293639
279620
244686
257051
294732
301646
302768
227199
309693
312559
212718
269077
290703
273938
259307
247602
196534
204340
231748
240547
226257
277846
254917
220936
269939
231408
262944
216957
306917
242862
237591
298248
279339
252342
185271
247301
321859
244005
258195
220324
288157
292687
275520
346911
289821
291795
331780
494012
373617
306997
263746
298429
332511
337090
370371
285422
279760
301275
283808
261170
200663
308771
280661
192255
241719
313260
250367
248053
204200
266632
291635
240157
267694
234805
203329
280231
184098
236739
291314
283448
253394
354958
312348
275751
283988
244686
325336
294882
230145
305734
240517
304362
296756
270089
272013
287727
199350
288739
239094
235858
294932
268827
319293
292196
301555
247963
250648
281604
288689
304733
303450
281463
221938
213390
302748
261271
281964
284590
191604
153414
275751
214552
175250
188698
330256
289881
231368
290242
252572
240357
256871
223230
233693
191474
311426
221357
197867
235336
202157
202687
205584
237180
244265
249225
199570
188277
207457
232971
194340
312799
244736
319915
223281
205874
192195
204281
212508
241610
159557
237661
258094
231158
209692
215464
236348
154776
230446
193408
252262
229704
221757
209211
329424
253425
269799
285672
345258
364268
870084
268115
258926
245067
218650
204361
214663
201885
248935
163184
184690
209913
236087
195893
246660
254006
228241
280612
280963
263856
200944
159526
205103
233813
192295
150658
167192
167042
158434
157703
209803
193077
222288
175510
222690
306687
262353
277996
273707
306366
303370
277134
288047
313911
287646
275221
208990
285622
223772
257232
224814
270952
327841
267444
258956
176432
260609
267864
197627
182685
179208
214623
203198
233903
193859
225786
185902
228592
254216
200101
200061
236910
215515
234575
191113
242622
176482
224353
174378
163836
272454
235396
263165
275691
211225
297387
203980
196554
230135
745231
262183
248965
209221
217869
185160
171131
177274
216847
196625
191664
209181
188458
187906
187205
204250
165398
176352
182094
184088
253565
238824
210604
205474
207899
164757
182214
198699
225194
317810
227088
215976
209301
206285
246670
300704
765263
320616
214192
183406
208589
184940
183717
199280
171241
217609
155768
174007
155538
137590
189629
176141
149616
179959
166672
181532
166281
167112
164577
141689
172133
164146
161951
171111
146339
166531
176533
186724
157152
168354
161500
181553
171862
170991
166801
144785
163345
150457
179368
209372
179919
167653
164697
226607
181102
171822
151239
189189
173045
158895
160889
181663
185270
207317
197205
180560
171190
176392
175871
168435
172644
176001
138341
149425
164647
162463
176052
166761
156910
165018
238893
195201
200393
178907
236809
201716
261621
265320
263997
151960
200052
139544
289170
269779
150417
255829
261982
205393
153383
240256
222439
199541
216035
203539
238643
213911
201946
168766
226899
159085
213039
200343
181243
235657
275661
239696
230456
225565
201905
224503
177905
168465
141158
150006
175339
145476
148202
144505
223862
223200
215053
221808
240426
270711
268927
251460
189950
194871
262603
180130
197206
224924
212828
262884
236278
293078
242351
252142
192375
180250
212107
233412
192826
158975
172694
215615
269939
184720
194901
197085
237611
193057
329575
190271
205794
169137
198528
231808
257543
168836
207468
176482
227440
191013
254837
256671
228020
160468
220945
308089
259387
241619
275781
205924
275381
209572
276313
223221
183146
261241
287085
260239
288589
218010
290382
256832
263305
224653
218120
244365
313892
280191
279289
232360
254246
252512
303390
271382
227780
276883
318061
432693
386735
364850
381704
429024
379620
345799
293489
186683
235216
255488
209823
219833
176883
183277
167623
192215
234654
163124
149715
212518
229043
232971
181022
216416
192526
165308
174117
167974
157522
171902
188247
144535
167954
219041
176492
167162
141398
149976
163786
157502
142941
150758
175630
173115
195793
225345
241880
197958
166761
248323
257924
225897
236879
238473
373568
233512
217318
170950
200242
191013
216286
213340
276513
232881
267754
297487
259277
301826
318752
198819
302307
236970
295252
312729
279710
294481
297888
244987
246300
295493
243513
299611
329805
291915
245468
231157
291875
218922
309583
238914
234334
227389
275601
266172
218641
270230
259367
303870
260308
315535
291194
237080
274449
320425
331138
344135
271211
295062
230837
268446
266652
286113
177133
179348
165408
159557
274248
195542
244124
228412
240467
162132
229233
161150
183577
188859
209642
185541
226417
170680
209181
194139
202206
257704
161640
223291
143091
173246
322911
186854
198248
183557
167093
175380
237370
275932
220165
206766
200323
193087
185361
172394
176372
172774
181112
177124
182835
168234
178176
199069
195743
186082
151610
175349
168335
177824
188888
181723
169166
185752
180761
175400
159977
180440
168856
172513
181162
170149
145146
174598
157502
156951
143242
161390
133421
154586
164897
200884
164908
166009
168997
161440
160499
166300
165509
162272
147531
172774
191795
185962
171872
172483
171061
167312
170830
174137
182685
201895
182074
184148
192526
158985
193598
198869
203258
177144
174007
180270
302819
204061
263095
166501
192085
210714
211326
186723
175700
222298
216036
196104
241459
223882
200794
155798
162272
157251
175680
228912
273937
221497
187736
235957
172543
163385
564831
195412
174137
240036
255288
257684
211846
267334
245056
197186
220766
196415
264938
254356
221617
191253
212077
253224
162352
208058
202938
219373
243063
281423
246580
296004
209682
166892
217939
237971
227610
227510
173346
241540
220415
291204
297798
279599
289561
283678
312499
287756
287166
342612
297206
279499
252472
305363
283197
338364
257232
268736
352513
282396
240567
299191
271002
257002
181572
199711
174768
258365
194289
264076
177244
292948
251400
306466
329364
611138
207999
232881
316858
212859
300363
385993
300714
221497
292476
271392
264087
236689
205984
180991
293459
290202
185801
195643
274860
212257
187546
198408
176232
209422
211526
212568
196254
195342
170680
192797
170880
244195
181442
221758
209612
266702
245507
239174
166360
233733
232841
232189
179498
157683
224233
193759
238694
190862
188738
187375
175290
197196
266663
245187
277475
191183
180280
290442
298760
286284
211155
230917
354207
264938
264407
314263
234885
216657
231558
289901
367364
324624
330407
274249
357324
257813
237280
251540
213460
205744
176381
236338
219202
236428
233964
216256
224293
187455
194450
263565
266252
197015
174719
237251
186533
213760
176191
162151
225155
193879
186754
193708
271633
208249
242932
196645
183787
193227
198047
209040
203559
218100
195151
195522
176853
174868
212598
176793
193368
198870
195201
196043
188819
176161
171071
218541
202157
204311
190151
191614
203308
220004
197958
170008
179098
199841
200242
208129
187716
194200
187225
187795
189148
187876
192997
197897
201776
185912
180721
199611
242902
192636
188597
212047
212869
189239
182775
169557
172423
157282
163705
147621
185100
175931
193207
178987
283308
151259
274639
192386
166120
191604
199040
291014
332090
303580
241760
313611
323723
252111
312709
327941
294791
253414
241729
314613
248584
291554
248274
314673
258966
228141
287325
180691
228171
182154
202988
210965
232200
170930
182295
173054
242531
174768
190742
216106
282285
219282
200392
237510
166832
200593
208299
322760
258616
192797
273076
284770
223612
164567
159366
217589
302548
184489
275361
266732
213691
225175
211315
298239
178366
168636
253815
200102
224914
210093
186262
181492
175250
162202
148333
164006
168084
181462
150096
179598
166040
150377
141017
145567
131808
160258
534938
207287
205624
190812
184329
182004
178386
173506
172063
166321
159086
161681
167323
211736
179578
180441
185651
198628
179689
174448
164086
181383
154727
203139
171161
167162
164697
171632
187556
168445
168134
194550
181703
186152
156520
164316
161992
161351
189870
181152
161821
171271
175540
194219
217749
225926
189209
161160
177575
186102
202336
175741
180620
167062
157432
151279
151148
145477
169377
173585
171201
143412
137821
155027
177084
192396
189299
157211
165438
156981
189710
189119
192015
176672
178517
176091
166541
159968
180209
156881
157993
186563
171090
179819
175210
170259
178777
153734
166802
190261
198478
204671
183747
165629
173786
169798
174738
175360
179679
160258
134323
158925
178877
180270
165930
129884
163505
209952
192546
177664
218611
217819
253294
167313
174578
188717
185561
242451
307749
244967
190020
335768
266091
272735
212197
274880
290001
295112
243383
244696
208319
314913
197877
236398
247572
245718
286494
232751
288448
227219
269959
182494
217729
201134
201284
147571
209893
331709
336810
179860
252021
243654
316387
203790
278327
249977
265069
218891
278727
280391
229794
176933
210944
199370
185070
169908
218510
304843
143092
222900
168025
204541
174698
179558
245889
179699
218782
161360
146399
191383
228271
242071
290773
185962
218210
269799
214252
194781
200603
231298
194650
231739
179238
195141
193247
168595
213931
173356
231658
163505
140556
169297
166641
200162
181322
195472
190902
232159
194600
179538
234785
195482
170009
174408
197086
216216
157252
171331
173065
156470
137339
272614
218902
224343
145838
184980
220525
262824
176322
195101
249385
158444
216887
195703
257482
336349
188287
229794
245447
202968
290272
258796
270811
262022
215845
294982
305975
222829
192015
271563
318552
661735
285773
169728
223882
229434
211345
528584
448024
239134
320515
236499
257382
217097
237240
209882
264167
191795
215765
242872
287757
205653
222760
211375
319113
234264
202326
184699
210865
162632
203970
240056
193768
252803
263566
154205
249896
243704
252081
239635
242491
219012
264277
233191
294782
258084
259907
259367
244115
270600
297296
208840
245978
186703
267153
152220
252663
172394
201856
148483
233402
212308
214302
181704
260308
266832
262232
228963
233171
151369
183186
159897
191093
241820
276062
281573
226418
195392
197727
225906
196464
156330
176051
179409
177625
179909
168946
167082
187104
194249
175079
193127
191183
176031
175109
187505
178917
197305
177234
168876
168064
189750
191343
177875
175971
168004
173395
177805
162272
199049
210644
196394
171973
187335
187475
183327
178928
180180
145797
189029
226317
178897
252062
174989
235556
215394
233312
207397
177424
255018
224874
205644
210283
246580
282545
270069
294821
219132
191504
204802
226678
221036
214703
197406
183346
195302
182705
163103
212138
200773
192316
168365
220916
217408
169067
186563
246099
190932
190151
247061
202717
219062
201645
181212
299562
197156
200152
254617
269509
291254
196955
280832
190853
246580
177995
243484
205995
217959
257704
201676
219323
271803
183557
183376
209121
153684
159747
179939
191384
192125
211596
201315
228642
194901
133091
237972
245347
163234
185581
186292
185651
215193
242552
180361
226528
264538
267614
234635
239044
219653
289541
270299
277816
208269
281042
274007
191143
256551
216556
187786
209522
315626
251089
291816
223741
222529
321157
307629
193748
240346
218140
202637
326468
258034
284730
275982
292306
290542
211957
259567
227450
217167
195742
218881
165790
403451
380542
260680
227460
203189
213029
163976
171161
191163
211145
273506
186103
225495
162462
155257
184489
254486
192475
199650
161551
161280
165749
169778
159967
186724
167092
157893
151048
179489
165418
173265
170350
176242
143603
149466
146408
148593
169166
157482
173325
166531
187705
162202
125274
144745
168625
142721
176963
157161
181853
180401
172854
143773
176051
172383
187756
187635
176573
164277
172995
174388
189309
187144
171291
185111
183006
186534
141688
170329
158624
167062
164146
180490
174758
145998
182014
158304
183937
163965
167172
163184
177274
162583
147090
182574
183237
193828
166521
184930
192165
165469
159586
184208
162623
177985
160358
174698
187576
193588
164316
162242
158955
164207
135435
202767
197175
161310
179057
189490
179688
198388
181001
151950
214742
241690
197476
212949
197396
203980
160028
182244
191454
199911
212117
162031
165749
212368
168085
208660
197597
205604
166551
164216
185972
173937
182996
174427
178617
185060
180812
158334
139474
223401
235837
197877
205343
189169
197557
231659
254466
198890
197166
185310
172694
159056
182024
203158
176713
185080
172534
181703
166281
178967
170249
169938
166932
169047
179809
172413
173876
168135
165339
160247
194059
166982
169257
157421
170991
162403
167713
182264
160999
153083
155729
164627
157452
158775
159806
167934
172102
153283
147571
145567
168635
143533
146779
155708
162352
181914
162603
166200
154446
177975
160519
153874
167263
165298
180781
177694
176311
168105
144214
152601
181082
166661
154966
148713
154966
176532
159265
149886
157893
145647
150247
163855
154315
158594
148904
176222
177995
171211
156941
181011
181482
168375
170429
158364
156930
174107
173035
178436
137961
179829
159516
177354
178616
163735
138261
348224
290853
237661
176222
179829
195783
231287
222910
177695
191404
203659
180491
167022
165118
168916
149235
179919
183737
173836
173937
178968
181081
193769
173255
172463
192536
204531
196795
189219
173236
150707
161912
188878
162222
153634
155057
191363
157201
181473
179909
162001
161791
159917
191213
163285
176512
177774
172514
167072
186784
200563
187866
224714
171702
182986
159937
211095
187375
169958
146399
170740
176973
167293
175950
192717
167683
172814
181653
217969
170409
153233
160830
175139
162273
168195
170410
168355
211836
179479
193117
183788
175350
173025
163505
166441
170871
162081
180531
158875
169908
194570
189119
212327
223281
190852
220495
229514
241279
202387
178677
195051
164416
169608
185100
174738
161480
220274
223071
213640
481305
234985
259026
216977
200022
194521
247562
217790
280270
295583
327420
314503
321147
228692
245627
240267
231989
225816
296435
277094
277806
250648
314322
369398
373798
393329
330697
273086
319063
279249
207697
251851
289641
275221
304241
265359
296916
231548
264187
322149
285993
262152
313822
285592
349126
277425
302658
201355
181903
209171
190061
130024
168094
166721
169037
203298
209982
205724
282405
192706
167002
172193
186183
159346
237291
213079
188187
221567
262613
224333
195493
202096
192085
191444
178817
164837
140706
138522
150407
142621
258605
212207
195823
307198
291294
232781
249055
205163
277846
273266
296014
257062
187766
191754
336440
192025
257493
244124
288799
248644
287396
324574
278637
221086
176021
197616
182926
167393
176632
167243
202407
165690
170540
179359
169558
156550
202798
184509
167634
153043
201114
181743
180150
188267
179839
183537
163805
210724
190301
165970
187916
167484
195261
177875
212317
215734
195542
195242
371704
255820
215203
198448
182385
194981
186673
180019
171772
183476
172143
150297
163374
189249
149695
165348
186974
170279
181502
202296
182405
175700
172143
219072
272865
401256
206766
212869
281774
295543
244766
207217
191985
194339
192816
242020
179799
218421
197416
170590
151069
156821
137600
256391
158123
191223
173816
169989
176072
176593
181844
168906
181493
213691
157563
166511
164226
173095
167894
169858
168836
195553
165479
173676
168916
160178
161630
154776
155648
172774
165178
188508
186182
197507
220886
215484
198328
195402
223031
184880
189971
182375
162974
164237
189991
168595
205173
201855
182415
178466
164516
162893
182826
210794
179298
176091
179488
159086
163936
229935
219132
230587
197406
228582
226828
182976
259958
204070
214572
247762
170159
208028
305624
206225
218310
219092
292005
211365
258555
202918
288618
277174
270922
236899
229984
195051
209852
254817
148193
199661
296124
282275
320525
235376
274338
272504
243082
278778
295954
256891
317680
223280
238423
220885
305765
242872
251470
218961
200803
215634
215094
203529
178887
191795
172493
179157
174828
168936
188838
215414
252483
189259
173466
215374
183868
164887
164166
171993
167363
169648
160428
165198
175850
153905
188948
171281
188828
154746
151049
182775
163755
176993
171952
160438
176852
171862
152331
155858
178697
161590
201605
158966
152011
152391
159797
194791
174268
171552
194490
221046
165219
153894
165409
158685
158794
161641
161220
152812
149596
153744
177825
160097
177815
177323
165859
180490
165539
173496
146909
189340
187125
188648
212649
222139
176492
179789
212328
228041
161901
193818
209321
325436
206836
215214
227299
215584
182595
173335
174618
180431
204942
176892
181052
196233
182745
169758
160819
171531
173525
174779
180511
179318
170369
145747
152391
151199
325927
225616
241680
190542
158193
179699
167824
174718
174598
181873
257883
274098
279009
277134
205133
258164
232269
231629
274869
240116
190492
227199
195923
183056
148122
150878
191003
179608
188277
192796
159176
162121
192786
192506
175571
176041
199401
155127
159106
182044
184168
195813
183668
166401
174789
171321
176573
169768
167784
172233
193969
162282
189750
183226
168776
181141
196895
191624
185562
171792
180571
184589
193828
207197
190261
230416
255749
296395
230767
226066
220064
191153
140446
199030
193197
203649
188207
191363
172203
174789
207938
178035
179208
164907
160758
195211
178737
170489
205984
167924
207006
167883
171221
178496
163515
200332
199972
172865
165379
172664
174718
178927
173706
169187
157542
169828
169858
144865
174347
156741
151750
176011
181582
179398
160439
164386
150317
174308
149175
147902
180982
170549
193749
173315
176642
165288
187956
167142
206005
193157
202587
283858
209341
176081
188578
171892
236248
184038
193979
312078
228752
190883
204662
236058
307168
242341
190712
168636
151439
239244
183346
261060
185261
206114
183807
171772
176633
191805
196163
186463
186703
181413
149234
167533
174678
176773
165239
169507
162162
175931
175931
182504
190392
178847
202467
175140
347553
307649
195933
174448
167994
197687
168936
164537
172524
165148
172775
155358
196775
184148
149515
179458
174538
185521
190171
176202
187826
167453
182074
177825
154565
146930
138782
168265
137340
153905
146810
190211
191383
177294
167102
197145
161981
203569
163625
164266
173306
159146
141779
159737
174067
174458
156650
154856
223050
175450
159716
186453
174989
156720
129132
188327
226648
221257
232821
232099
233433
237330
201044
234684
201294
203559
222980
193949
220454
238522
187726
185521
203038
193759
211296
202877
186844
206776
288979
207437
247853
247242
247983
209091
221968
271232
250679
796779
223983
291855
277104
231237
205995
251881
267865
219062
232901
271572
243553
309242
182534
312499
209772
263966
314543
263155
161461
186243
237721
286464
238172
247221
275070
294180
294191
279038
298359
278047
241188
255128
212448
206656
259958
289400
296996
209040
222499
253495
243934
234304
259237
173987
251009
210434
204281
197968
178185
214713
208660
215855
162622
232751
230135
257614
226358
248113
211727
229153
225476
217048
198188
252954
193398
137159
229534
224593
187856
267433
175560
153834
232720
232029
221718
267845
240938
189039
244756
214442
335216
142580
208659
264778
195523
228862
208871
222349
252994
209231
191674
194600
237681
233893
190942
189589
212308
223632
219212
200192
216216
217228
256030
239064
216917
222068
160207
153493
202447
190812
309232
219673
211506
199951
324574
264969
204732
254687
265049
266922
196635
235717
251881
204802
181432
179468
215744
191363
173065
178275
221818
240597
194460
191695
242301
154616
229674
241550
272635
283137
194711
294210
218941
198017
185912
165879
159096
160078
177544
180120
178196
160829
166861
177895
194891
175921
177775
179619
305915
161250
233973
196935
152612
161631
267664
234054
303109
218812
156299
291825
248314
249466
173035
213510
221005
216206
240457
225786
199721
207147
195712
192997
177905
156450
253675
197166
170720
163585
198017
231518
185862
185852
228262
156390
208620
203258
202477
162092
236198
179638
131016
276523
160569
265931
144485
149715
233843
234955
198098
197646
218941
199541
323722
247923
255649
188568
256211
272004
235366
196003
258816
244134
292025
261492
216847
216787
263896
273256
211136
197115
272454
217599
156670
268817
208720
235697
228101
273026
251079
243804
232280
171201
257092
295463
319894
247882
257262
258916
247401
277174
297027
296595
193929
282455
279168
224394
218861
217899
445108
584933
271272
279760
253795
277875
409252
475934
565492
440980
264448
316959
200303
205934
191394
224593
320976
295423
209301
256290
219663
187636
220696
177805
162583
168194
182996
164857
202106
180881
166591
167283
190281
172503
175681
173135
269929
212939
208049
261191
216436
200603
200232
278948
256170
254887
207768
249526
218681
200663
218731
153053
168415
158424
143493
231929
277324
230185
230396
294441
218331
264157
238272
305273
324263
291294
284359
281063
246960
272866
243433
215475
267484
251581
238944
202867
179167
166521
245988
191754
275601
205554
206015
250808
244275
161690
163495
168736
167222
197005
175149
203749
176321
171401
187986
193408
136969
179899
173436
165629
178847
133762
144204
142110
142501
134875
141799
142520
172794
186794
180210
158765
170088
159486
178066
161931
176091
190642
174969
207147
196695
179328
179498
204471
174638
148713
149094
157031
142180
165910
178417
182204
193247
202658
197315
179618
207768
254025
205954
193938
164988
167433
157401
165178
162152
173055
164186
165269
164587
178145
194810
174679
168275
169136
183597
185290
179088
179389
169457
173576
182034
180531
175289
149034
185160
157312
166250
152962
161219
149024
156890
207226
159537
167193
168144
167664
174368
192355
175119
190993
179127
162121
170791
170329
165017
167193
176342
195202
186944
182665
162482
163485
164607
161340
161731
210795
202196
208089
285913
208049
231417
233633
215154
179498
162182
244766
240457
174197
217729
184429
263455
167673
172764
231538
210694
328402
269328
205794
202346
294631
223871
265320
283147
231568
215715
228071
256801
465822
380592
230165
192546
250338
196364
176673
203950
203870
208149
210795
208931
162573
156851
156340
209292
195101
213209
153333
172072
246039
172304
221988
241129
302287
229183
301195
290542
239215
316417
223912
294080
174147
205483
196825
407740
531560
275641
417781
247932
213009
190722
321808
222338
327530
192746
205774
277294
296535
215073
263376
292046
251962
314143
211015
246339
230055
226909
255178
286384
222699
309072
252803
264948
215414
269078
279479
278266
299651
251791
253535
295603
296595
287937
253184
263956
322289
279139
252863
299341
316818
329775
280020
237471
256851
244646
266762
256100
291655
220395
356131
389862
363817
381535
336048
234554
301245
228612
186112
201385
331308
262814
258585
295653
295733
321718
271492
275391
280050
227280
261691
257162
270691
225405
289370
369519
344957
363065
305354
323101
303720
155227
276954
263656
319875
295383
267344
323622
243293
295062
300995
276002
264738
238833
305394
235156
309623
319514
296996
272545
319584
251159
242391
248524
283838
225575
231648
235326
214752
268105
281182
257022
274870
210985
210193
207197
243774
212918
236709
327380
238503
229974
221046
247421
274880
188297
328533
275371
199511
287776
313221
242330
245888
242070
198789
293559
247832
206605
213740
191093
234144
249045
240657
241990
224944
266662
261401
223030
273326
266461
258816
294681
305374
273496
189600
229824
273677
177634
205123
168565
176312
225134
199961
153413
225094
349256
197597
226377
197096
185962
163585
146579
175319
158464
189569
171020
166350
155878
186494
168916
181172
180410
163785
165168
153534
157101
183727
167603
184359
214823
263145
219643
225195
167063
192716
252171
247902
210745
180119
272394
251510
282505
157543
251680
230636
270450
165138
249486
277535
187896
328081
208600
253033
243554
276883
259146
187054
218922
165910
164657
149695
154135
228982
213770
247963
176763
186473
216947
302789
196314
303370
150998
286404
233713
148703
290262
222920
176191
173856
183657
200723
213130
239034
147962
172413
180721
308300
245147
230165
236628
158664
184569
191233
204481
288218
363316
207036
198598
220094
225145
495996
184198
183637
236529
196955
266041
256621
212177
193457
183126
232951
236268
211846
315164
232240
203599
258064
245688
263917
232400
213951
240898
248313
212919
218421
290653
230526
184399
200964
274548
285592
254196
218882
259487
264998
300073
251810
294000
223762
263285
233101
260329
303199
336329
249175
206806
248203
196484
192937
224673
292066
289309
291966
262614
293108
282636
278547
277174
270800
247191
275992
274308
292777
267714
261472
228562
230165
173536
183868
177214
178627
246740
233632
200793
193778
195342
212468
208199
191794
220074
183356
257182
190050
173255
197336
212989
248153
257462
222198
273005
273647
214121
186603
181422
169437
162593
171151
173416
173015
216577
196354
210855
189179
209001
299952
230246
319303
280060
282937
239445
229283
178376
263065
307659
239124
180040
259336
299672
270761
259978
263786
231819
274318
221988
214111
250137
254877
243013
149786
199982
162724
168465
151951
155268
171942
165268
138642
135526
133100
235497
223962
152752
145837
136417
179609
168014
161741
225335
189039
196364
234704
221377
194821
162983
185441
239365
195683
132189
207277
230977
219383
221256
187585
233042
217258
167684
163104
159756
171601
183657
156961
173165
173155
163465
164857
179328
166872
159356
167483
170609
181342
174137
159456
168144
174698
171933
179599
153493
195091
247532
169206
195152
161981
147992
162192
199380
223601
156289
153103
172643
227961
202196
189098
204110
190101
145327
149034
174548
164918
166771
182274
189259
164065
161360
193297
226217
233322
183326
190933
197216
162453
211396
183456
160708
163455
167533
192345
319283
200803
250418
311938
254496
271612
236829
234103
236940
324393
274057
375732
234103
250147
202688
226337
351220
267423
312479
314964
308681
269257
325396
337462
287276
416037
653858
391235
281944
292075
271643
262223
177254
248855
225175
288218
270280
258495
311347
206084
230015
289249
220435
365620
300223
222589
203058
174237
230736
232069
216997
187375
180229
242441
263656
215534
186583
694474
184158
233723
211566
201705
222128
186342
195001
230185
222859
272334
243252
241679
208730
218069
224593
166240
146048
157532
149545
119282
162863
149776
138792
137690
150788
177574
221226
213039
246530
279359
192245
202737
165960
175750
165559
156710
164447
201214
222188
288999
237771
272695
205573
206475
253674
265880
251981
296114
210563
214322
287005
301375
274168
223461
314322
269167
306176
307589
235757
239956
289069
295513
291074
332551
234474
249907
298960
228492
278607
249176
247842
321547
231398
364208
307198
230837
259738
304853
261721
264508
234204
268516
246790
237050
233331
294370
255067
263295
238233
272805
269418
251820
274508
219342
273817
253835
252041
317248
267725
295843
292937
284910
372956
256871
294712
330958
305885
352703
338694
297397
332751
242782
218280
195342
207828
168816
234494
206435
174117
187766
218931
236098
272655
185141
181873
253284
186273
150057
229333
180952
222038
194611
187335
168716
174187
164838
147000
125665
160518
197256
213099
178747
167753
166330
195252
185451
187285
178586
149676
172223
167994
158825
162032
171742
172794
156790
173084
176782
184589
174809
178657
156831
161851
162532
163054
157031
166260
158203
167904
157923
171391
212999
173866
168566
164897
165419
178006
175500
188226
198268
170850
170329
176452
165739
169748
163324
178366
176723
164286
144445
142971
153363
151038
156740
146839
147361
145888
139594
158484
161129
156660
178005
159336
160559
152231
178687
164657
195542
154756
154095
145617
136447
149044
157352
164266
169017
202818
178276
160979
168104
164667
517401
232270
192316
188537
210875
321378
241279
247011
220214
200433
175950
167854
174137
190030
195663
171952
179108
184749
255949
248604
193538
219222
202076
192606
185721
228071
263335
206485
270160
215845
317188
496957
227319
187526
161581
172042
183768
192025
161260
175009
150837
145407
197647
167143
171572
160398
169277
189199
180791
175540
173285
178847
172203
203730
191494
179889
187816
164938
196213
179348
189449
186703
168245
181843
166140
185461
174378
171872
188929
173425
169387
204711
212448
217629
201925
285181
213299
257242
275701
236288
229744
272976
192576
194379
172434
246269
244986
188417
206044
240487
294661
245016
231568
175890
194580
163305
169037
183236
185932
166401
165780
152231
177494
166982
160959
138061
162563
178396
162703
215694
168917
170269
140125
168515
154356
146339
159626
231748
169617
241799
193538
266793
206405
186122
283929
283177
189900
254837
177935
236298
266061
222750
250168
201404
201755
218190
201314
248594
139704
215264
203519
209852
234684
261692
248193
171852
189530
216166
199641
297126
197236
321468
287145
251029
198358
248905
317179
251239
231669
210072
253895
242121
235677
219693
205293
286073
228992
185862
227149
193498
211937
191483
205283
272926
290502
195251
219132
200643
183767
184829
256711
204050
204661
207226
204541
285992
276122
265730
262954
239335
333814
361281
223712
242972
284309
237060
185761
190792
195341
276071
250127
218641
263646
220214
241449
200001
224664
284760
277886
239986
249005
217849
216145
253694
158915
193849
166161
211316
278798
181473
284951
255449
225706
275280
224654
254787
255619
292707
253444
183116
223782
237761
266061
246399
266652
186604
296064
301906
297246
265630
249536
277115
257673
262833
244195
266070
243023
198850
199110
272865
188016
176301
182505
265560
198949
242621
204120
186764
191624
232851
205904
209281
174057
217037
420105
312027
270059
311918
301386
296084
282836
198859
205363
225596
229284
331599
196424
232540
217138
224784
253795
180861
273586
251210
196685
384520
264687
284901
236969
203830
177063
158955
194360
178436
165238
180380
173215
175079
156951
149255
134985
160568
147621
162392
173777
167804
167663
172173
167303
172052
153063
159967
149786
158444
146709
142791
138452
150427
138222
144444
137620
169818
168114
149895
161922
181042
214011
193358
166110
203609
166942
176963
178897
169648
179869
166350
163775
193869
155628
150738
126998
176732
178266
146038
139895
131808
175650
152902
166641
184849
167713
181272
180611
166420
358325
188056
186182
196233
152622
196344
190181
178847
185240
169898
165268
174929
159566
148874
180892
169718
134293
173676
175240
164307
163635
161641
173917
174638
196284
175420
192285
141218
188407
179599
210955
144906
213430
144936
197757
208429
204681
256250
171672
162192
215434
224333
173887
168225
245237
200412
276242
265189
203870
183837
240457
164817
200112
237711
278758
248774
319423
242762
233722
168596
248343
166601
227229
176492
198157
199350
194541
200733
169157
201675
198148
250087
172653
178867
281353
173365
185912
216596
195573
189459
191273
186894
185912
176091
205043
175560
174378
168014
165098
175139
183878
179799
177274
146339
161440
179939
190682
167994
167593
168926
171151
201204
243363
146308
141007
192135
222690
298509
214142
333233
266141
230286
232660
198759
325646
316166
246950
223561
275400
251279
208670
258305
244866
266091
240277
234865
241860
267023
161049
232510
198388
262423
244305
288929
341310
206606
240016
227580
293779
234765
204962
235296
201806
253124
241068
216717
228611
284189
287486
237139
245317
210103
281733
302147
259758
248454
188096
232620
205022
405174
256340
245898
209101
172704
295413
191654
215063
173956
297066
259938
164316
192676
204812
204380
223802
204511
209442
199741
209992
200382
201094
146599
153463
154556
194450
166511
209752
174699
211856
221296
227970
227860
282886
248925
239194
187465
233412
275631
264748
235306
235797
293919
266211
229985
304061
263586
206736
349256
277686
290041
227339
205744
206746
314072
304813
247542
182835
199600
268636
222830
331128
311476
255698
296816
262603
264137
291354
305143
262583
221046
265871
345809
279529
250859
317810
317629
261482
292557
306727
257542
314022
296254
272143
264598
274659
221898
251460
256050
240928
156610
234625
238913
292937
256981
266582
244656
249256
292867
301265
204802
287757
354428
257042
268236
259797
246169
206656
202196
211707
187265
210153
265440
205533
254817
201965
184408
219152
273817
232370
246059
265680
213199
211576
218170
216045
238413
162673
252923
224413
180220
180361
316277
256872
265961
165659
225626
197747
176171
224313
192616
270610
187325
189349
185781
189349
244445
164016
327611
265861
280741
259547
256320
191905
281584
202837
300844
258245
193849
165740
238232
190652
178216
174227
163865
193578
154636
179318
195051
219242
264928
180431
152171
190582
217789
251520
190311
172484
177053
243483
203108
163584
178005
211927
177695
199480
193418
242280
256772
236288
205703
218751
212698
169838
184429
179168
184960
143212
247051
171452
205313
161811
176442
177234
205744
275952
230786
239454
136979
192256
200051
280221
172945
163354
264347
300152
215875
269007
167002
258024
245788
262102
343504
250047
216025
256882
247332
357113
189519
224624
170409
187565
160829
238252
296225
206746
191143
181012
190372
205232
163164
184930
167493
198258
226057
173396
215073
288137
253243
209401
233021
239775
282475
256090
212939
211706
247472
301486
265099
244695
422881
451111
331158
314392
289901
216637
283758
267654
181944
178436
184610
279439
269849
323732
270420
268396
204441
279399
304842
309673
248654
275822
258004
242290
235275
221035
282926
212207
258375
284700
280501
163675
242070
203639
393258
268346
211476
195612
213309
294431
204531
196283
201575
276102
168916
147982
285993
218310
227259
277275
255949
257293
236108
216937
194159
248584
273697
216466
235156
149776
183477
196615
228582
233221
169507
200482
243223
264277
282325
174698
228311
277525
212759
219412
216998
182605
165209
222118
206696
186072
175621
178106
178537
188808
185100
185471
194169
174839
177123
194841
185481
196304
187896
176171
191644
186674
191915
176162
189930
172304
200293
173115
178466
146840
147000
181262
154836
161901
148844
179338
162472
138121
177344
171832
195833
183066
193297
185301
195913
164206
156670
169467
170810
161771
172474
198097
173095
163615
168134
188547
184278
180159
206816
158534
156950
163835
153273
180240
155157
158935
158734
186463
199831
196625
203929
462926
266592
222699
188477
209662
194721
181011
198388
208720
275200
261270
225415
173044
222529
318241
244556
261401
283377
243663
323973
276322
202547
230365
249897
246590
325997
209732
315255
271643
308851
262744
199591
228482
259377
228131
342081
252762
316677
241048
247041
232270
248534
175419
189489
251981
340487
279108
226427
208399
256540
189540
221026
199420
215795
195232
192947
172082
251871
215434
219773
212508
206575
287506
204000
250908
244084
178145
195763
229304
261541
276272
203840
258124
271141
269909
188798
255429
213109
184709
273366
280993
234895
187846
249586
168165
199240
296255
254466
235907
257653
205002
184198
205202
205573
276022
163345
214713
203298
269107
240648
245197
257342
253233
276573
587107
229273
317098
358205
282265
295192
270270
254877
197466
199871
184519
215434
220474
216176
172113
197276
177053
238182
169587
168566
165248
191814
184219
157532
191944
202547
200343
204441
178667
196765
184118
186934
234825
235717
279358
241960
199801
223902
265810
290362
256430
207958
246350
227760
303970
289239
274388
233803
237681
182405
191754
253284
263536
251861
276162
253043
220495
272525
207257
344346
368206
384119
356541
293058
207377
202427
209943
210092
166120
174938
179999
178746
181824
192256
173766
195361
170148
180250
177373
199370
188057
204511
214472
190682
187616
182054
172504
182354
196364
161691
181974
195101
186543
197646
172624
179959
180510
188156
195382
191253
180911
177494
209873
196444
182645
184780
181783
206846
258104
220956
239144
237481
212819
196705
187635
191403
173887
172183
181793
157402
183617
178516
187405
171642
194550
218160
173726
166802
163174
134534
150898
170760
162633
153865
213711
206966
163094
191875
181142
204140
184719
205252
174428
163836
168164
164808
186593
173926
169968
165730
170069
161981
178917
138141
174357
174277
175520
198037
179688
173696
171441
170239
172093
178075
179588
163785
166460
137660
162081
194289
164025
154225
171822
191875
177604
162072
172003
177535
170520
177715
190351
178396
189409
140887
181362
162061
163194
156940
147952
151590
186283
282726
175911
158664
291044
176672
240867
305634
283037
275230
301997
337862
284329
304352
243653
228432
219302
252071
227570
238012
204741
203830
240056
184018
170990
168465
169898
201765
172914
187936
160930
174097
263606
167603
216687
217288
232690
219612
163374
172533
173185
219663
170199
175460
192346
185532
216977
203949
206515
284409
241098
223411
231398
198158
211596
212548
291825
293298
369940
255118
374910
350980
268355
166962
250618
252452
242811
228812
298128
209953
268566
245888
180841
222088
247081
172594
254367
224664
173907
194129
214933
187435
185210
187035
199491
201044
149275
178777
174789
187354
243293
187134
158223
202407
162562
177825
165519
163324
168275
153263
123671
170790
151309
140846
139975
147741
133942
144244
182675
152140
144605
196183
166722
163665
184488
161150
173365
167463
212758
162783
167924
142680
175440
131787
171041
157782
145947
164727
173435
164317
165328
171602
163174
147581
158945
175199
170459
150407
145777
175891
151349
159847
150818
154986
206225
202998
168084
165649
159817
179929
192285
227069
277094
215605
137179
200803
233161
161621
224073
186423
207868
236519
241769
217929
215574
203319
156991
136698
168244
148463
162502
191193
171963
172804
162282
151409
164106
180741
169698
166150
177354
188938
168976
162231
162964
164737
171963
207347
187205
175891
160238
169177
185471
188347
187766
186463
189179
295843
183156
220314
218480
215113
206645
257934
228562
197637
196835
196124
208509
238923
238242
171792
149685
174268
182054
157471
164557
183046
222299
269889
213720
229234
227139
321768
191714
234003
307849
291134
188467
190552
249515
258254
260349
171111
158574
194029
291104
240066
174307
251951
165920
191083
238272
198479
210043
208039
196434
185501
174848
360038
285051
366211
300012
295843
313742
295323
287886
300423
307999
192386
228803
247492
320997
231127
266873
294922
201154
253354
230545
276061
276333
216236
238432
282987
240668
242331
220625
271142
208961
226918
283958
236399
251620
229984
227289
267223
250328
181402
193758
186273
184790
215113
204030
236238
195101
160508
153784
194920
407730
322389
266682
250248
275651
206155
222890
225034
334044
266141
244426
249696
353295
421749
328442
214662
324224
231808
253935
334736
332050
315124
290913
298349
279379
298680
257933
256912
343444
248474
224133
272093
248103
216496
231187
297618
243243
258225
297267
265219
308700
331178
264668
257603
285862
294711
239465
313471
325045
293709
223581
234223
295032
220655
264828
182915
197837
279318
278757
307087
273377
265219
296355
243072
287486
267313
285231
268045
287135
289750
259657
275491
206806
249957
208680
238042
247973
310494
294180
284781
296405
288999
281945
309403
296265
262814
342442
301395
177204
256380
245808
233281
270079
475052
407739
431700
246108
239294
238633
291755
314794
339817
317971
410435
389361
279178
250097
247542
185872
306827
363126
386705
344056
332110
432351
393349
406788
367274
313240
278257
274018
284280
301586
251350
333162
273777
342171
353665
323271
215915
263786
274418
298599
348896
304331
257493
282315
276112
286454
274188
358535
414454
442864
352863
328662
308039
301907
282074
306696
279319
249115
289981
256601
301826
304101
281353
286834
244095
271071
250718
278377
302477
281924
293459
304872
265349
262664
313871
233623
306296
293920
299080
308831
231989
260159
257673
195602
210594
394101
378518
423383
325245
417279
398379
349035
400614
437933
356672
359187
388930
199099
328563
232670
221517
294340
385202
347042
339064
288478
258114
300293
258615
219593
301135
226798
261882
273637
228792
252562
292908
334545
259657
242801
292557
288989
234604
213670
302718
195812
320044
364739
260049
268516
256440
192395
223120
215915
343544
321868
297728
296796
246970
292327
263225
276823
283597
218561
218992
263897
243613
193538
239765
238052
182384
288398
356952
277796
272805
338353
285212
327871
285652
211626
230837
209912
279249
261711
200092
259447
287245
239725
233493
333503
435809
610316
329094
268406
277495
266331
284159
245066
261190
292817
258144
317228
270600
134573
230306
211025
164978
151118
240597
215495
196734
210604
206856
267664
309493
216286
242541
192706
248995
214061
257111
293388
235576
150758
174678
167002
175700
190271
207347
255238
178205
194891
255358
242361
270701
201635
246570
189639
198809
192977

