40617351
40840442
40868202
40987090
41072476
41099175
40826265
40852121
40967424
41024929
41045117
40757820
41091461
41760006
41783597
42416338
40744085
41074290
41942200
40950553
40821276
40981620
41004403
40888571
41325871
41937724
40833399
41361006
42067199
41853690
41505400
40919637
40980299
41661697
41498479
41700327
41018139
41353673
41454827
41456952
41345749
40924826
42030121
40948762
40893539
40867010
40893380
41029510
40856344
40878663
41179195
41037895
40952299
40950886
41369161
41526501
41340439
41598943
41474806
41303031
41474055
41613199
40760085
40880016
40969861
40966014
41058083
41204781
41622216
40998883
40837579
40892089
41030483
41137659
40849722
40971875
41028319
40794992
40987234
41916346
41091475
42779187
41132359
40880799
41055158
40859029
40980882
40902108
41921626
40987725
40927515
40975873
41911197
40976965
41003163
40803488
41021097
40983007
40906477
41127532
40761361
42059339
40760389
41034621
40814448
40909553
40974251
41833365
41109619
40873417
41939029
41004767
41038729
40885338
40909393
41003064
40953262
41033179
40991573
40826391
42006123
41897294
41305749
41604758
40965667
40965086
40903111
40971217
40879398
41047126
40963252
40854783
41040905
40925263
40912840
41384093
41681117
41986136
40813858
41195699
42620318
42121815
40862728
40914263
40978281
41145167
40651092
41019166
41114741
40819991
40962071
40918061
40905658
41070481
42722586
42163783
40700111
41094274
40993950
40844746
42163141
40922699
40760482
41016471
41170323
40791238
41219343
41585103
41298168
41679787
41189930
41638151
41063549
40856378
41014909
40857281
40997788
40920727
40974545
40938189
41002286
40960680
41854428
42017847
40942376
40992669
40843806
41292308
41611402
41030638
40780009
40994281
42002340
40984625
40874142
40973284
40822548
41040189
40937788
41095179
40943609
40840089
40984455
41009511
40987539
41451712
41513885
41316884
41605754
40920157
41442584
41541325
40997418
40729919
40907634
40825163
41178972
40974047
41017436
41858057
40764143
41094527
41078068
40781173
40900582
41014992
40839450
41265501
41749557
40922372
40836745
40937350
41010674
40942599
40892768
40982102
42058194
40932961
40895954
41047091
40790952
41002249
41115298
40918507
40903248
41503870
41445160
41026073
40778068
41797907
41206795
40958990
40952889
41436345
41925992
41794130
41668741
41275421
41478284
41018900
40954582
41526089
41992033
41717921
41557948
41087738
41680995
41508348
41845757
41523858
41355908
41573377
41008854
40813606
41386705
41570452
41212326
41757916
40781467
40970342
41433060
41510403
41339389
41871233
41674352
40729682
41401402
41523786
41526712
41453790
41102726
41081808
41742327
40823135
41112805
41977559
41685534
41001750
41598023
41776382
41850105
41543965
40832361
41199193
41617690
41005668
41493563
41977780
41361069
41431279
41444492
41495125
42008747
42014327
41361873
40756744
41339079
41651634
41538305
41832004
41575895
41172003
41522096
41736489
41666269
41407356
41022060
41308594
41535690
40879640
41153249
41165782
41628652
40774154
41048609
41415871
41530300
41009438
40846480
40987818
41457648
42022504
41726903
41656223
40886793
40926676
41597153
41673214
41578390
40857910
41556349
41786723
41490479
40895710
41579361
41353469
40937365
40921787
41333992
41574541
41490890
41379548
41460625
41522809
41219273
41560158
40999511
41268453
41376342
41195119
40868993
41463039
41807250
41559076
40865014
41470134
41503153
41531356
41787544
41525755
40705612
41133707
41000032
41844399
41007154
41493237
41452782
41469333
41756779
41538811
40881947
41201051
42567615
41052469
41126133
40792432
41045767
41112899
41822360
41316903
41462230
41375811
41582750
41451179
41349833
41329948
41645415
41001866
40837795
41334716
41501925
41458324
42012920
41891146
42003043
41947349
41345948
40995875
41348823
41558388
40931829
40991418
41267985
41481265
41485714
41840605
41359482
41643493
41390869
41236807
41721636
41351698
41761749
42127930
41936151
41894313
42033630
42170467
41204060
41342783
41442937
40998871
41411971
41399026
41485604
41371427
41198579
41791826
41523465
41801163
41454828
41347012
41427629
41007509
40988955
41298352
41646619
40991761
41746163
41005627
41501665
41424534
41504261
41439311
40860681
41281622
41672368
41022157
40838649
41566615
41890017
41601037
41715297
41552609
41938486
41343004
40961335
41018640
41419335
41819027
41501004
41471931
41407704
41669784
41385363
40928376
41294328
41504220
41268379
41553140
41337025
41989862
41630302
41244275
41439152
41547972
41370806
40972828
41459759
41508890
41586342
41345049
41910887
41182502
41583907
41618611
41908042
41878729
41477464
41127240
42632230
41443661
41602393
40899314
41487692
41946524
41406452
41475802
41941333
41411743
41492922
41841490
41487652
41210113
42203974
41474078
41299346
41585081
41802048
41462966
41643720
41838215
41671560
41870305
41348188
41422794
41530952
41280915
41474810
41482333
41758520
41645763
41392480
41543806
41375947
41441309
41183505
41708068
41415201
41458920
41319193
41613155
41264725
41611339
41024846
41432604
41396217
41540591
41495710
41802832
41211537
41675689
41016611
41269244
41605941
41404312
41901504
41452529
41015259
41375168
41436681
41436470
41451248
41001042
41272060
41548295
41368536
41770974
41723868
40848494
41508692
41400606
41545842
41823070
41591125
40906440
40865225
41005602
41376081
41436652
41505097
41969489
42098505
42070403
41620809
41912715
41557664
41358930
41341807
41151349
40824019
41445759
42026104
41799419
41553386
41470315
41884844
41839191
41503295
41009791
40826585
40988031
41177308
41701278
40931788
41478069
41500050
40811308
40947225
40974256
40980016
40940814
41863525
40998309
40875424
42016416
40875886
41169415
41777529
41172389
41676364
41435011
41433559
41096982
41791775
41158224
41705617
41047050
40802793
41006085
40981941
40907404
41006115
40820184
40918445
40983273
41842187
40895392
40984875
40900923
40969298
41106029
40912164
41914070
41024620
40968307
40778058
41119034
40897758
40915950
40886988
41132428
40832599
40949022
40986651
40962487
41051209
40900413
40832097
41995270
40960593
40926760
40998863
40909048
40934805
40831938
40923026
40940176
41113805
40815499
40971935
41714896
41323519
40885085
41080444
40917925
40935618
40861071
40906475
42015798
40929747
40873905
40958310
41156283
42873179
41914583
41866895
40961976
41021536
40882101
41071588
40715867
41021006
40903040
41946682
40923597
41109858
41007270
40715356
41085134
40768493
40977826
40942381
40996621
42034233
40882131
40994167
41019163
41827233
40977346
40857667
41195246
41869260
41157616
42630096
40914301
41085124
40714175
41093951
41016398
40859601
40943494
40935009
40960475
41041935
40892461
40990801
40789904
41108847
40849913
41090083
40919430
40862877
41018081
41890099
40972388
40938866
40914892
40912138
40989510
41028732
40912549
40969173
40850526
40919551
40937376
41001462
40855725
41110712
40846809
41363726
41752929
40930492
40804430
40944547
40954336
40852248
41060661
41875284
41169831
40762013
41906691
41102709
41073385
40813078
40945671
41860398
40977439
40918822
40967591
40918811
41072022
40794965
41069388
41813562
41000822
40876314
40894186
40989462
41102709
41029204
41811317
40913472
40962673
40927036
40991636
40826703
40910038
40981969
41109842
41944354
40914795
40958436
41958318
40995483
40815383
40880212
40967572
41080480
40870023
41080048
41472828
41521508
41772157
41492514
41977674
41825664
41331730
40998829
42000927
40830401
40971380
40911781
41969871
41016002
40789136
40938671
41060504
41044133
40865525
40977381
40881846
40947878
41114162
40775722
40852172
41003630
40883919
40973725
40910558
41410646
41800049
41493427
41297387
40896393
42043188
40770292
41170877
40774000
40870688
40896503
41074249
40974056
41013829
41325040
41799369
41264558
41655275
41724502
41096691
40781714
41433528
41509758
41557346
41266442
41536618
41822360
41559770
40781874
41491735
41429933
41438929
41531720
40948220
40936147
41462403
41432187
40963288
41411710
41829915
41510220
41434131
41971255
41792828
41462803
40972726
40942340
41339085
41624089
41423462
41898653
41516831
40835644
41786267
41548551
41522825
41335040
41571684
40843659
40999014
41442968
41413614
41414084
41622037
41269711
41538954
41282945
41468354
41560494
41864459
41865312
41645670
41850175
40886418
40940778
40913998
41506865
41912168
41603893
41226633
41592573
41408375
41953986
41568379
40814647
41000117
41372419
41521604
41243232
41645079
41343848
42047417
41886372
41575652
41260524
41867016
41544404
40931672
41173805
41961661
41724445
40964211
40957279
40933627
40993367
41029391
41440805
41871165
41979824
41738772
41546670
40937013
41599387
41798733
41540518
41293626
41584508
41400282
41854013
41459721
40996561
41460793
41987328
41765130
41757357
42124861
41589029
41524090
41776473
41477654
41302443
41753492
41375197
41880593
41503662
41015558
41065318
41861950
41240730
41495458
41547883
41930456
42076241
41962974
41737460
41941055
41499554
40739782
41578019
41966933
42010632
41950553
41862400
41497553
41419448
41449975
41367735
41495940
41539459
41374516

