889401
511514
401632
285830
333462
310968
322149
325656
280840
366375
322019
271442
376715
519900
426139
349101
299626
325145
321238
296039
318172
310557
284157
315506
307351
314876
288044
447411
353811
358981
417593
337599
358670
415149
355434
350865
491736
407214
379390
479974
395511
409247
367557
444224
367978
366064
444144
346566
341386
456438
408055
420479
375763
408746
317310
318613
403827
318703
317661
310307
399959
308744
403436
330014
351817
327400
271222
289236
288414
271202
322130
239470
246955
296911
305718
301951
324995
290789
432382
287372
329644
461829
365694
480474
470254
379430
482749
448382
358890
465796
450246
430388
414047
429076
454314
422142
471757
493058
446028
616916
499792
393928
482388
442832
351376
480425
484031
427132
462670
467119
466347
502947
706810
606277
576780
571971
593392
554076
582430
607749
550970
593081
573042
588282
635783
600415
568854
607970
623159
568123
627697
757417
791582
735816
652195
633669
571199
573253
636875
578663
583663
595676
562412
601227
613591
558014
620583
591438
589885
621576
569536
619612
617448
581629
603931
567391
571540
609603
636294
595315
664679
582320
563474
605324
671001
597790
643719
604072
637967
642766
624772
592520
593882
620814
588372
596678
590977
556139
607278
587861
605104
615564
599634
578694
638057
575216
572952
615895
560829
586298
591538
628379
591569
621646
614221
573594
646344
602249
587831
624662
561410
571129
591418
538796
567522
581409
557513
551401
567732
562642
568493
563935
564706
532965
600826
553405
583743
565888
571980
572160
591408
601918
630322
543896
671963
622026
598040
574104
538536
667594
627908
558715
588763
610364
569786
578433
554246
581739
567331
556190
580046
557493
571580
579956
548095
559687
563724
565988
608010
578774
591488
665290
673856
690899
635262
582340
716288
613942
588061
558043
621064
607087
616466
606827
615384
554426
616546
608400
564877
584204
558956
569155
606847
569605
562622
611787
596998
552844
611276
602228
546962
643668
590546
574716
596788
599604
543977
626836
620935
598030
599143
596738
570728
571570
595225
572731
575878
600024
568554
538065
579976
584625
600966
581298
567963
563634
591117
607308
585276
592911
612989
613240
580356
610955
577922
598001
608771
562523
581849
575427
553235
574815
601216
576909
581709
628499
554477
557443
654028
572001
652165
633679
547293
574555
708212
731087
833424
829576
646984
607489
616466
637647
606016
587962
606708
581719
598902
574244
689276
610384
601778
593662
572792
594564
586268
585216
600836
591599
615724
606036
588242
589514
626946
628499
587971
661101
535490
629250
581439
539277
576369
610705
587230
601156
669167
603541
596558
584785
600936
592840
601207
647506
801332
773948
802133
671252
639480
732098
652495
459114
486376
575257
631635
632537
685569
637517
518157
494321
500704
476447
498239
533998
662304
568373
559656
575878
550298
569806
555158
557202
593452
575958
567612
660832
575307
576729
558945
569846
611446
587500
579595
559637
591197
563014
531763
593872
574295
588642
566590
549898
591839
551051
561681
612869
648077
647305
782696
856718
779679
752408
790641
687112
709215
728221
776184
782545
788907
884722
790049
862569
891064
697923
760463
789950
701770
610584
619281
578143
503990
477127
492557
636304
480053
573854
862639
907687
714545
730575
741166
561951
758640
651273
604914
448733
461638
420980
456458
390150
324745
378017
395261
387155
280349
316409
347849
369912
339263
356847
529809
559075
398266
325546
349012
424176
506755
551301
300859
266643
334043
322210
332379
333121
328932
311249
294777
337469
403566
332409
316990
289737
295369
299807
284197
263226
414748
328162
326798
458943
382966
304766
571179
536502
473060
291861
303374
288755
298915
449284
641965
664919
433514
442913
368168
384259
411371
405690
341757
336879
334072
455416
327090
425909
452120
381173
366736
315056
322260
362497
341397
285809
369782
349442
347909
338311
480664
343651
373298
444064
428945
500082
481606
482729
526433
489120
486747
365513
447030
484482
413285
429195
422223
424486
451208
438162
873200
1301955
700328
602990
336818
332881
448372
324123
439415
476728
354402
345795
328402
320136
362027
380401
346156
343791
307622
282924
335315
521954
428334
338230
331087
316909
310918
431279
391753
380592
482288
418765
499060
349533
311028
310507
295349
286571
320176
306870
289637
319544
391683
427733
445407
425769
415099
346046
314996
392265
397916
400380
274057
313233
374300
360633
274848
294256
251183
245412
354562
264249
264949
247647
314094
265921
306519
456177
608070
523096
447000
585176
454615
512125
556050
574816
550078
429826
567983
367066
311359
273616
262024
253327
288835
261263
368919
274278
243359
236334
269608
302812
276943
322811
311179
339513
307181
290269
310467
352128
318172
302431
272975
279868
252596
290649
251374
332700
334664
272454
265170
302602
288085
264158
290779
266463
264689
286290
286631
278125
288585
335565
334293
342899
342379
337199
297933
356897
330335
491275
866778
719454
629892
443633
482057
632196
640272
452050
474092
445908
331588
416732
320667
306760
362868
321729
299997
350294
292503
388507
344783
255431
253147
298254
260562
380272
367066
280620
358640
450647
296681
399399
391704
367397
480283
466948
439195
360524
401062
465816
698734
858913
641183
487498
594814
499581
560268
584996
359452
285940
453172
386303
475635
383257
347489
413766
335335
322511
350564
416882
325837
342719
404679
351817
341778
350875
444565
353050
350514
339694
294426
337139
398717
295268
272354
369270
289207
250693
513127
599252
742148
598982
629160
592951
700036
348951
398597
371344
346146
353620
349903
315888
303474
313102
332800
298394
281471
256333
267785
265090
264278
260110
272694
254420
251053
274889
285830
263126
248237
283967
248177
271182
291270
313473
291301
295799
259008
332109
275500
337309
239230
316579
384349
355724
420129
443073
361676
349192
398366
392335
415940
506013
554126
503458
414097
803326
477649
551321
537715
417132
340775
412283
386123
473761
368017
423355
447201
329263
393868
385401
361345
275580
366004
267855
269158
372426
335976
235523
284757
357037
273506
305207
335715
1103463
593432
419958
762146
963333
815288
628620
1009772
480404
362036
311950
315557
397334
396833
380673
486646
481646
394118
426931
424146
367006
415880
428404
619392
625583
661242
607709
655621
630823
684497
748309
762647
1009292
824536
601387
581669
388077
544147
379610
381624
274367
372176
345855
431670
400250
389369
445227
463502
485233
539117
447601
606306
443413
464072
605275
460295
421511
559356
466036
426601
533606
482188
897717
424888
319916
384319
413105
465736
500473
454525
475906
499561
442110
415610
442792
443934
414157
454364
419648
432753
414718
426169
496284
383738
407975
365744
399949
397445
413666
431711
406332
353009
380732
355423
448603
419998
485885
485654
393287
512867
719624
610374
740856
611626
653266
716068
771454
731357
681401
651593
598892
554907
569836
589855
618099
599904
562673
712040
599623
578152
651504
593872
577010
589504
602490
595345
592720
624852
592560
615865
605415
581088
556320
587500
624963
580957
568534
614813
577691
578002
560097
574726
568363
585657
571599
557533
594944
588923
579885
557723
616175
625103
552593
570047
585096
561410
601998
588883
555819
590656
594303
631695
616576
606206
646113
590496
637497
636214
632197
617708
631104
595275
625393
701840
575928
582020
578573
613690
568313
581919
610074
576079
586738
632687
578673
591288
808014
598501
627086
622137
632777
613170
717070
486737
454254
402564
548124
491736
522385
511784
535781
581559
318442
419477
329464
400441
346056
357849
404819
373418
339202
347970
429186
364742
453012
423495
378368
431029
368549
462740
390081
497968
378809
460455
372747
279728
316920
362176
338301
403466
401743
432592
430338
403366
403536
410340
416682
523808
585036
551421
453352
537394
541051
505031
621055
653306
635773
555588
581348
616045
614052
588261
566800
598361
568324
603251
578553
575036
596728
627417
555479
587029
635242
597910
594574
566721
571118
657574
715907
627407
663898
590125
576560
576619
590786
602309
583482
590045
572742
681822
623710
576810
612879
595987
576839
689215
595285
605394
607999
605635
602149
626135
623630
575507
585116
587650
576579
609092
591208
577781
608540
611116
574014
631385
616316
598541
611947
602820
560729
621886
599854
571099
610304
593311
589505
582440
599293
582420
629862
587470
597590
580467
589945
597940
577141
594784
581529
603621
590816
562001
590336
572431
599663
589714
614713
571360
586749
593582
618610
613550
611086
661402
605525
701630
730115
611326
646815
632566
596497
641524
572892
634460
626185
599844
632527
635743
650592
565187
620644
645752
700277
687593
757237
630393
733791
731538
713452
642496
644840
664068
653006
747559
674978
646493
709896
715687
762326
700197
725766
684066
606156
564235
488028
378999
342409
324454
386333
397825
283144
267514
380032
335936
312712
522536
457340
431981
471317
529258
504310
450537
372817
451699
475585
441429
521834
520751
577290
386032
428023
373308
401192
347048
350905
293755
328152
336968
281762
322941
307282
355504
382275
467219
542805
557893
562412
454825
575707
498209
393397
391744
403556
393397
358650
380863
423294
342900
351807
434817
369571
376264
393246
388608
379430
358740
430007
326869
383648
405701
373037
466988
406462
351306
379330
432652
515782
557001
398687
386875
361676
360364
288956
394439
343310
287744
375623
339113
287573
390070
373408
300859
484062
491466
377817
452841
438374
387205
412614
389700
438083
410791
459645
354222
510422
461989
493960
516844
556861
513097
587420
655912
597689
533486
537765
432923
520972
529369
458682
521704
535820
456278
495273
475615
472579
467910
534960
525951
450045
474553
526703
515611
498940
581899
505824
506484
614872
546151
514039
542103
582711
615634
508428
495002
375963
354582
268486
361766
432402
334844
324123
348291
274298
375001
334143
272203
357447
340144
341207
333882
259840
347849
322250
242337
346858
409909
304787
282363
367266
287343
257575
372396
263607
258216
234171
322892
282834
250662
263637
342398
299907
312631
262285
395661
302061
261754
330696
254249
238439
345886
284878
243759
270571
343200
277734
345054
299225
286381
253007
228890
317611
259339
226726
311860
276663
271392
318152
358820
240623
297723
276231
299896
309415
335615
267264
248448
297172
329725
272695
364481
302512
454905
403817
334383
421712
361425
420469
334143
390882
434746
330716
383438
453573
329033
385802
371354
329303
490193
398798
355694
371405
393768
353971
386594
425148
386824
398867
343350
348931
406843
399068
380803
374601
366175
383688
445217
372286
342680
376194
383067
331628
314415
318001
317171
345565
350705
343351
335556
351186
343981
350374
347829
365603
359101
389629
323281
326568
394920
322220
316929
333662
904360
734794
391383
354182
280369
257665
256263
381954
268426
279127
296521
321037
318533
275510
257786
259318
264970
276181
250622
248549
245212
249240
237217
266262
248789
341948
239560
271874
264489
296751
267715
243969
311619
338571
227157
329394
270340
233820
257646
285559
317871
277684
350194
271823
252105
280851
243318
268516
246584
240834
287783
248628
245643
274057
243529
233720
278426
250522
235904
265651
248628
225764
213140
306350
264519
299616
542313
473631
405390
442802
302241
309636
335626
378158
388107
276102
266513
361606
343210
313924
294697
377866
339293
400280
402995
329524
371084
375483
334273
410930
364371
321569
394409
394298
397344
390462
351085
386223
393767
359292
386303
644299
726528
569275
567101
505001
330586
322510
314965
281882
350845
289757
253728
349693
288034
282203
347669
342589
294166
352138
263738
287794
288105
289106
285609
302271
259960
365053
266883
321378
347077
243338
310828
273196
300819
293044
275691
333893
352788
277264
340595
305688
305858
348931
396032
256354
340455
380231
326077
406702
407995
360223
282894
295188
300688
404798
683986
595566
563955
678575
668626
369480
526543
571449
446118
474754
544708
465165
343982
331077
339603
365744
375102
398507
436039
574104
432672
467460
344513
320647
322480
323913
316529
314315
308914
356255
352718
374901
322871
296170
327790
327039
364611
479142
475605
424797
410941
368058
346717
326368
422352
370903
309074
285509
286531
488620
446289
402855
528596
382236
388127
461287
399629
384600
418375
460086
433374
478721
406011
438384
475064
510151
472249
434505
469083
508438
373599
334834
307872
338481
373118
390311
361676
389910
311198
269880
312371
281902
295389
274708
290930
335195
275711
278525
279558
297783
299937
267134
253087
280379
286562
285550
268046
271142
256403
252786
257375
272013
283756
268226
287884
283184
286161
297443
281151
277013
272474
305297
294696
272424
294307
295819
337259
387956
372196
388257
399789
336387
1037405
366776
361966
352848
545609
651293
526904
502196
419347
402544
438223
401853
421360
425208
429366
412123
461207
429767
393888
434246
412643
401452
376865
423895
502386
401873
409487
510402
417754
391994
532795
668526
522766
794949
664929
514840
629050
529459
720826
733461
425368
416611
364251
299887
341517
357698
368229
460847
282694
298865
293325
280179
367988
304586
270600
326738
349071
259559
286230
315377
278376
418104
328041
377766
363239
339013
429296
380703
385101
409709
325376
407965
404328
321709
333441
337509
388378
431090
347669
471086
485034
422462
474603
410841
399578
384119
493820
755663
588292
382516
325215
293735
292994
311640
287944
308403
289668
289036
279006
265862
309495
328001
292923
265290
347098
273056
260962
264840
336397
292794
355414
338782
322040
346457
374831
261654
379550
365263
338291
359341
331959
512616
530711
585837
449284
615764
603962
487799
566449
565178
455767
456048
405880
417052
384559
425509
386584
323112
428074
391223
356826
389590
421300
349572
378538
409808
380081
398166
377797
397044
425759
381484
400090
395441
354782
402354
439345
702231
743982
734182
814908
692682
600555
571409
604022
562272
546732
559497
556080
488219
551401
506214
527495
483110
361726
382486
464845
428063
582441
602539
427673
439025
375693
362728
528497
547504
409037
458833
521804
544488
578433
466798
435648
522766
569195
426691
469693
375843
562572
411271
388437
413275
407594
272865
357568
345805
270030
396092
363730
325937
395441
243869
224422
339173
281161
261483
281922
262344
318883
276381
265852
304756
274779
274057
308253
261172
333100
236926
321338
267886
263848
323292
297903
409358
473691
576198
499511
661182
557322
521133
530400
465716
538176
500843
413896
375753
511294
439445
390782
578353
319936
330646
422513
384289
314996
409247
431170
386925
527365
420088
511334
443062
610445
454495
594324
458131
455176
403957
485544
518518
591808
453302
471206
509019
341878
317080
453412
468741
341968
375722
356356
335305
355554
306480
309866
367197
306630
281421
342349
287693
379199
404178
318653
359492
292553
275601
335635
260140
272745
343120
340775
295929
292663
282454
309906
269688
331268
300318
267214
419116
330105
397705
381514
338331
400691
471367
509880
345084
284417
339614
429216
495985
575908
780111
692682
376744
336487
467720
329544
364912
255411
371815
290128
294486
379971
274248
327570
297953
314765
320537
343682
377025
295238
301790
275991
260251
278406
315958
304666
267033
296952
298795
312171
312942
342700
360995
364361
449575
486837
518347
439004
374030
342910
420138
423094
629301
383978
343231
327740
315146
359432
351476
315867
315717
317240
263947
296581
249700
251885
293815
316038
357006
384109
322991
404899
408726
329093
420338
452972
465496
380953
430479
428093
445316
361245
404529
371254
363188
513437
502817
518958
630052
680709
541031
478421
728742
495975
329203
340685
321368
329925
331237
370342
320948
309996
300738
301029
305448
336938
305117
305337
294056
293214
322401
292382
299426
312672
341947
308564
367978
384760
383187
478190
460035
457911
434125
410760
444234
500693
604133
700979
556851
596166
430739
354311
373549
440227
569235
347839
313673
348129
329003
352428
391212
327570
322761
299426
296350
361165
301109
303624
302612
349462
332159
314525
342058
328392
329033
314786
309285
324604
299095
293344
298284
278396
279999
271292
316309
291941
303844
304266
279157
330225
367096
370904
469414
445427
370803
420249
417363
456017
368789
471066
491095
584885
404759
356335
330836
300357
307972
390171
353310
344603
340054
317761
338191
312130
326829
318563
289627
272424
298714
284126
286882
289807
292022
284858
281502
297212
282033
254009
271572
258688
307492
291701
272895
262064
258678
266773
285799
286732
278456
432753
379300
354592
363059
357037
328743
390070
337950
350354
333431
613670
426540
339584
354011
331838
255672
271673
359472
299887
294246
339733
291901
266794
291170
248218
263196
242366
279167
268426
355413
289727
258507
336898
263016
260121
333852
260321
285079
335496
272133
268135
349933
255221
240392
306359
239170
244571
364120
252235
288996
356405
388257
463381
513117
412113
418395
386253
411762
354001
527815
477989
474283
304907
370983
258077
251314
279177
288626
344202
271643
267956
317752
305387
336227
365293
281812
367127
321419
255051
368609
264078
230674
273456
367186
259669
292463
377126
251113
301019
383428
299506
296110
353280
273566
400440
334814
329234
283235
290228
404619
379931
414056
505372
522195
495363
411762
651102
329544
422944
313122
308593
298233
265922
314966
293534
306790
317370
274628
349693
377757
338360
416792
401231
297432
347769
366635
332830
359421
331778
299837
362838
314815
279638
349853
317731
257265
334934
393006
336036
328382
397184
305889
430979
480946
354442
528937
600335
544568
590896
466487
331097
455416
387956
365132
317451
345655
444184
364281
321899
300288
341397
280780
299877
268918
341357
317711
264128
341226
366294
301741
284307
394769
306770
359211
312191
300759
356266
327380
632166
644189
651483
670370
833904
816971
640893
500462
458672
497938
443233
518086
619732
637015
459985
356876
407183
494050
518287
494892
482268
485093
454675
488800
492568
525872
503689
578664
597840
589915
613820
561891
512866
551121
646935
538125
483931
615023
472138
512686
655400
452651
591728
583412
478771
444195
510121
460987
352128
337569
327800
308994
271683
283606
274698
313593
294206
287233
298034
272093
265231
307352
341216
313714
375392
384720
461558
457380
437422
647305
611145
620253
755684
898258
590836
564907
618390
575768
547714
324063
286832
363920
385501
286491
337019
304145
377476
270971
300929
268066
255622
272855
356887
305648
365653
334103
386954
347369
336086
318924
359572
339974
329444
367878
350374
330575
343330
338140
344824
351336
338792
381875
325696
391073
570788
664478
758900
495152
336097
575146
621425
401322
330997
402224
347969
319194
284708
295348
299957
338992
302712
331197
393386
347559
321107
286451
326027
265872
258848
312351
310197
284057
340025
243519
270861
307451
250361
256483
328222
255602
258367
321949
260381
269849
303384
383909
412994
649970
517185
555048
588251
673385
469553
672544
573754
345044
418846
311059
493489
497667
421921
482448
428615
490173
395771
347008
409087
376133
384690
457069
345956
414808
454976
394609
465085
530691
490013
450698
479883
550499
472128
709555
605545
529919
652746
686350
626535
645281
447290
411090
377786
392335
748640
421321
313443
277053
266372
288755
328161
337409
294376
353110
348791
351296
355084
262014
326017
391313
345164
271071
347148
267755
331338
310197
328942
246804
319164
341727
268196
332630
408856
356206
524469
553295
371344
534228
353279
376374
409057
360774
442311
405821
516133
391343
352378
295268
288885
275560
292934
301500
293665
300548
287893
283125
361405
329915
380953
306770
345815
410500
344653
361195
436149
436710
384270
371374
441901
452230
359232
379300
438274
453643
365213
442661
396813
735164
451850
572301
573102
614622
451188
510302
298935
279508
252676
264108
359732
429426
422793
398576
384480
407865
445968
513498
468481
607700
599914
581088
537765
532394
585346
587390
631155
586969
609122
654308
612909
882979
822883
774489
599453
736397
669407
527915
566851
623219
632056
568664
607389
602839
615464
658687
599714
577581
619242
608480
577742
590075
569676
604363
583151
665851
788768
857419
600616
605696
712591
754802
628820
485655
458242
364511
268807
349062
307161
249951
366665
365533
434415
438874
521153
564115
527023
727680
695397
591488
590636
572682
609312
593722
591307
648939
678074
705507
479643
402865
361105
547583
406532
406613
400881
517235
396803
426100
365413
406903
418745
458452
300107
375743
346246
371184
415921
423334
446378
470706
431120
419908
338240
282484
278445
260081
264559
338441
411712
351917
279187
306960
269378
316679
421661
343771
328712
364422
292262
398206
390161
323462
301570
257716
284828
390661
427201
503939
379109
305378
272354
262215
265721
283645
486356
364121
264639
364271
275079
260471
337299
440387
351977
321288
442581
317330
351777
410870
337199
297001
328752
279197
284137
320566
282534
317050
294046
315637
292102
296521
333742
329995
376505
428514
482098
457109
451709
371024
401733
377146
434075
425198
306240
361255
393016
340354
350895
412653
342800
290139
386673
408987
407324
510191
408957
406522
422102
380391
393808
385441
477859
391493
407684
440898
392114
376043
446118
367988
358840
441520
367307
439936
469723
792515
713462
517025
430828
354772
461658
619632
604232
345134
278666
443824
336066
380972
340906
298244
307542
338852
324835
337890
301470
345595
346196
284968
259319
420869
433835
321419
483390
596547
402625
415329
580728
521463
595595
518257
738260
773788
708553
603421
459574
492968
646994
720606
497307
592741
432332
391132
424587
449354
556872
456057
395381
476927
465756
375102
289507
284748
342960
355494
298925
274258
257365
256163
308855
383608
471427
404608
304346
311750
578653
492307
508078
502817
647135
518988
435989
1419251
661212
460366
1199057
429827
492538
426921
321048
344953
379901
401502
339743
316970
312181
324183
382316
375823
297752
273837
317641
324023
347659
375282
316599
310687
268086
350565
303294
367537
302642
271011
287052
325416
468341
515411
362096
467911
691360
578513
658407
667063
540089
586418
543134
501414
398957
368639
357137
490193
551060
413185
442852
424176
294246
348741
279287
312090
360273
350233
329814
309816
273346
305568
367998
361024
325686
302161
263387
265471
324564
384570
369771
384770
414928
481807
495153
491886
383578
440047
559776
444345
382396
419467
361035
351416
318192
276221
260912
383448
314004
279939
294646
284737
268687
284628
331518
310287
312501
299286
263968
261824
329254
409768
430248
371334
302071
384210
345545
399999
321519
325055
345354
350764
548325
435318
538055
490554
404859
420859
336618
438243
476306
499050
407494
450567
485414
439285
424998
335996
325957
411191
445577
349282
309575
445257
419747
410480
280850
294286
289747
384730
405320
319655
254069
274909
270551
350655
363800
314976
299446
279628
317941
321529
335375
308944
317040
281722
325166
509250
444415
425628
398757
394809
448653
522886
528426
518217
500252
413365
362949
349373
569635
555389
366435
407775
473521
553835
487108
454855
501514
492658
347729
460546
500012
429426
464273
344974
302041
586087
583272
458973
466528
473912
744412
686521
441419
377295
410119
476336
590727
415490
303724
332530
414959
427031
437221
439546
336588
349402
469132
617137
443703
507095
485835
568754
523036
505553
426600
321689
423895
573013
403997
453372
282814
298544
401512
366335
370052
368329
294697
586738
545649
474283
695839
540149
518818
354341
363660
459654
411061
380262
311589
349102
374631
371875
397775
297944
272154
308143
316088
305678
340485
276142
287764
357348
416952
300578
418795
353219
369060
275109
297672
310768
297412
288895
295369
394108
377305
309726
316600
319264
355093
404068
511724
429987
416402
714094
480795
508448
466588
334864
262735
303213
371344
273927
261232
522165
564146
363690
512817
749422
482849
302572
283736
277795
276241
263367
345906
313643
263387
323753
309576
226706
242226
402484
340856
424396
364040
493971
337459
336658
330806
455617
427342
320286
322420
467249
482398
406231
397936
340205
403366
436489
358801
340645
634261
587240
428354
297723
273236
302141
366715
279638
307201
294487
261143
329624
317270
374250
331708
273095
407003
333832
304415
294547
309296
263587
278315
287232
283726
354422
311189
310919
282623
263177
295148
263828
309726
332740
364412
334313
389309
403857
406342
439515
384419
564927
485073
403116
398427
446378
346376
293465
341177
285008
340285
296080
314475
310948
311359
305628
308634
290749
284848
305427
285059
279939
276963
353931
385581
340064
322360
304967
271312
281521
265731
265701
310357
294066
251514
256182
273316
260231
269288
268637
280700
286341
311490
392485
474924
387345
362959
451528
412152
386243
454805
457039
471808
532003
462930
400801
487909
466086
537935
538065
315456
369842
384821
311709
342189
376173
285750
341367
324394
255832
343501
350003
265641
354151
415289
267064
347568
362878
329634
252015
432141
307241
349662
505452
526803
479883
720736
653166
457530
414738
660922
577882
569706
705488
375994
341887
303244
271433
363980
557453
385873
339814
284407
285108
350895
326609
407254
354522
294076
322961
314335
305899
320977
307121
310787
512416
463742
474754
359421
326088
367657
379099
447080
348160
387596
582150
489952
431079
397925
563755
520622
375602
445968
554787
347578
352298
289597
277884
365413
353651
378328
330906
301400
353681
383648
304967
316820
283796
313303
422823
383147
312481
295438
316960
324394
352128
356546
380783
263357
276562
449605
341357
314045
440427
337840
574896
833133
479252
570347
681501
606647
578452
478560
450637
420149
365824
493209
542183
413977
389880
332640
445857
319365
278186
279808
360103
328953
353720
306820
289456
303504
280129
319124
312822
248588
301400
320717
309696
542664
456378
279638
415539
566590
354793
555138
438755
406281
504411
347900
427712
387085
451599
417583
469633
346727
331919
375162
328973
305608
283986
284978
264479
288365
336437
303514
363710
381905
406311
472839
660150
647505
379239
534317
539628
323542
381464
431910
524018
427432
330265
407904
382496
336788
308303
315747
334253
527746
466307
435588
357698
366294
372787
345785
313503
312281
362176
384630
341637
330776
287272
282864
357277
517726
520110
386874
423935
559146
508748
424827
567582
497217
351576
306139
291892
474342
499020
406753
414458
355724
602439
535370
373137
433765
859113
637647
743400
489462
321599
381454
560518
426200
322099
451198
341597
562362
438674
325626
316088
324755
415148
405650
344582
332830
338000
385812
448904
365143
420850
439446
509129
383287
388467
411431
403536
509059
327440
287644
281732
398978
558114
602238
577671
703684
474603
302932
281711
326488
397264
451428
269318
275329
467920
672473
377947
390361
387666
486135
539087
295919
299517
377426
401222
432041
386012
384469
351597
536011
439325
468962
384419
437722
425549
309806
277574
256915
308343
378869
423124
314415
306540
321919
552312
659679
522155
531693
705617
393156
361155
415850
434286
373880
348370
356947
542344
578593
480705
398096
473310
389369
366906
405710
590936
869804
359161
405059
457951
430348
439926
344072
401462
436590
520571
353610
356646
392144
653838
554206
394769
393156
377516
362107
392345
400490
482157
446208
356175
330285
386704
491185
422182
372797
364170
398767
539007
423435
387866
452250
597369
577311
413646
420649
518157
410600
350304
380582
413395
530441
482739
654449
621746
575708
911965
750414
538035
509199
525090
529699
331938
341617
395461
400059
354592
314625
295569
411050
457830
383418
330165
339714
402765
372617
391584
322721
308804
333742
409318
443573
323442
314996
328522
378337
422743
353961
317170
299105
570407
704395
537995
716408
613300
544948
613881
383368
363629
304626
275470
419698
434856
328742
341998
306079
350475
448904
405210
339152
318203
459975
519489
465856
387326
317281
431199
410830
367988
319374
367658
404348
427553
354011
326418
315837
376595
454253
467018
547153
519960
844434
697803
565097
473952
383007
370252
416932
453072
342729
355213
302011
377476
407113
354562
353510
309966
329283
351015
404208
348441
302462
300969
356616
416301
383087
330325
306569
310337
396734
397946
351205
332830
327530
387055
423846
364131
350754
540379
530631
627988
993421
330035
309445
305618
308864
392475
451970
444475
361084
325627
329494
479333
517956
445888
464463
439746
419397
348701
306169
372346
402504
461307
324133
298825
295679
317671
311499
305898
323002
304255
300248
346286
579846
453232
448823
565017
1000524
978943
664288
400801
375052
370202
438213
436941
478019
475455
523026
682243
398145
427192
428253
332109
334583
300408
342218
409598
377667
331157
332440
335426
349713
328131
317040
323342
352107
590626
592560
565147
450787
491706
420960
413145
464824
500533
778999
671993
419307
409889
412083
374771
649219
619792
492126
542854
633679
491897
348881
363410
378147
349071
352147
353199
371544
456248
459744
361736
323602
433013
485745
404227
325496
278385
301990
276862
279187
263237
277504
277735
297993
336397
345495
361926
446939
546051
812302
508318
583141
597008
400060
362718
282995
294898
351426
341697
283736
287403
287072
255752
341838
357959
320877
273195
279528
266533
268887
277874
275420
342058
295519
296941
339624
325796
279528
265020
381093
285439
257125
313273
291791
348320
346056
285399
270450
271332
271643
326588
282593
446820
562682
493821
559016
453482
544047
716358
506905
368489
386283
371204
343701
320577
306830
328121
297883
280670
299426
299406
281782
307271
306359
303323
285349
304116
300027
279157
265791
272665
351065
293515
306670
268317
274097
342679
365503
362978
339964
315607
360583
348801
361976
380332
364160
366606
692883
750203
443333
386023
291621
372537
394259
406532
430108
345084
388978
327199
279037
286781
307321
273746
266061
265431
264128
271031
260752
327360
320206
340715
300609
271733
285619
297733
263407
283295
307441
285308
255010
263187
267444
290449
255652
263136
277154
258347
259529
261873
259489
259009
253708
273786
285760
272104
263878
273817
282003
326588
673065
777155
684858
403877
316439
423555
355905
334513
311981
291792
296711
308674
294506
295328
382566
417464
485304
399138
442431
440257
457981
384880
395811
412003
353120
351406
297222
272704
279408
333722
324263
296219
292322
300669
289006
287323
266222
253778
319514
295669
289507
317571
349352
788367
953104
728591
460776
453572
529308
374169
399449
347037
356155
341587
330305
399007
612708
426220
292804
287624
313322
286801
292674
271832
305568
278796
268266
298995
369661
278225
325886
308293
290198
263988
301991
357638
260771
307181
279688
334162
331628
301690
343191
384349
316870
373478
586879
873150
691310
554567
402094
516925
451278
490754
419607
405841
361715
314024
358479
316338
334153
472929
493810
411091
313433
452932
720526
651734
461047
459965
429165
368950
338882
299466
404929
278366
390291
338270
292563
312932
297993
406963
353741
691240
994834
669047
569666
369291
380863
282063
332710
301841
293504
319275
313854
295899
274047
315467
322661
422443
417183
293315
354502
260932
268978
346717
273967
264138
333491
241835
332881
635903
540169
337980
359331
460126
375963
367557
321559
276302
264719
282503
265100
309014
385502
390211
545319
453833
396863
408737
370603
682142
456739
369761
329093
361566
352858
336156
301440
269819
263306
324354
339073
398797
327320
321539
348060
319635
283094
283986
269939
295449
308774
344422
416671
340065
309214
298304
281401
276081
285349
291110
281381
267134
256814
265921
279518
280580
254529
264248
275340
291581
373358
459614
463501
499722
398447
332750
377596
518698
586258
661142
439626
459684
451598
415570
365503
318673
343400
296470
286180
305347
288775
419226
326779
422693
364772
307221
282744
390291
325877
402564
312601
421691
346005
391964
499271
540369
597890
552934
601928
642456
1207643
815308
571409
715306
577932
370934
492508
364912
310948
268697
259510
325997
360945
233248
347238
338240
291922
360944
367497
279337
322841
314776
329534
234411
255681
306780
320016
425870
378618
401132
424006
408836
414998
405611
381835
460776
603270
598391
597018
516183
507275
549237
768999
600836
422152
343421
339073
379109
312040
310798
321128
294757
269439
292974
248818
249620
262235
286110
265932
336858
275270
261914
351596
272344
253869
278857
310347
298374
306880
307952
244951
292663
354341
351657
310688
374450
365383
323102
360754
294276
365172
491726
579655
599463
689847
310838
344152
416481
429256
363580
397103
311399
291170
313964
299707
261594
289828
264538
261854
338141
350524
333541
376144
346286
340234
388908
357277
352838
375943
361596
388017
377607
383979
382436
366335
439967
387566
421881
348501
511674
598321
592169
874322
837020
526543
392275
368820
302782
495904
407414
559326
541842
511955
599072
481507
325326
363850
305678
318022
394258
296049
363018
396503
350644
355975
351987
312000
317882
348741
307041
370814
350785
306209
305066
402425
278997
363379
365453
291050
346105
357839
408516
436750
491776
698283
889932
739783
567141
604303
636144
434576
453883
311279
374641
302833
274458
311589
278396
261643
274187
273266
252666
255371
267585
283946
262115
282414
288946
265651
268326
260491
275660
283555
266433
303364
337259
421290
339773
299236
295669
307742
294496
271171
332038
498269
769640
1037075
1019241
802955
710277
613189
404047
271011
283045
275380
262635
347599
312081
339312
306720
315747
322360
243298
278987
351446
250242
277744
359011
249901
255651
317421
370553
310237
420689
462069
447491
404138
414166
370823
457159
450958
445517
472489
499240
786964
886887
689656
469313
528587
371304
358409
365864
328893
317080
529018
391253
336117
340495
315557
290018
303374
331177
322240
334243
359933
303985
298294
343570
302823
326768
347849
359712
326118
363028
342599
313674
287393
272664
319976
285510
290369
287654
311870
260160
263777
276813
302973
300889
343982
639260
455757
466628
424697
463262
335215
345685
281321
282934
293584
285389
286040
293284
301119
277544
331768
266894
330276
335766
262635
330576
323152
267104
260070
278476
344633
263577
277403
275129
355083
263717
276151
339913
265050
346026
262365
339383
373018
344102
328292
327871
326929
322982
329223
357959
465816
541241
705067
682613
554988
482899
652575
506194
454294
314535
369902
332710
284808
333141
342579
280229
334103
267054
256043
272244
306380
258758
367347
305598
277023
307742
297281
275891
247105
288194
266983
239440
286230
289247
281511
284938
279347
299727
299155
271141
287203
274278
251454
322290
286030
288224
328011
313162
318443
431931
476015
434546
343631
447842
646614
515361
428274
430789
423254
390231
361134
446870
430128
499251
438183
422973
446960
443954
377597
419928
433263
431000
500312
556912
498209
536132
557323
519760
560288
564717
517486
582982
764360
960948
802043
641524
689076
592549
483901
374120
382165
363099
317511
455246
288705
272414
355624
477298
380903
404819
400972
372967
325235
309776
384870
380823
330135
287102
352608
325066
296450
385752
311900
311619
278055
368028
408837
371565
535580
404378
697993
653827
528967
516083
586910
637617
510202
526473
501645
429656
306830
257996
262545
273255
298103
282543
319274
272474
273275
329624
287513
285519
279388
311038
250001
316980
326388
325416
357818
345906
287924
375202
286221
277042
365944
365714
290048
361205
270982
274317
346095
355093
350344
688194
457139
588091
402434
420338
438584
584585
498429
479773
384390
351446
411392
320006
350094
327951
390672
442441
341026
491145
477589
488240
402303
471537
436831
406672
479062
442501
366535
449885
497998
360674
420649
441589
418746
481095
620674
755664
830208
546702
604944
588843
478761
607700
442742
363680
363489
316920
311890
308673
325045
312742
305819
324193
274789
248027
418095
337930
360514
473561
493159
477929
551321
507847
512807
521283
584044
437582
521854
542503
615734
648217
1205248
1255826
645612
431350
377827
457641
360805
295869
291311
306499
336097
299006
293855
305638
263467
263437
293634
311860
504059
494401
483330
480935
451879
599623
523166
590476
524910
522565
587330
492617
618179
715907
773397
913337
860836
434375
405670
371595
344072
306760
407013
298704
360283
333331
442141
411130
370052
412163
447852
424857
367457
454194
480414
568223
644149
469403
400481
390751
294226
307582
368359
452190
532053
444084
353550
400300
591138
532474
459344
986949
1012978
1002689
440597
288265
372337
400130
340616
327350
334413
308443
402524
352748
403035
366465
278807
298103
388156
328432
349833
303494
259158
390010
366906
324915
308914
274759
288024
340345
351686
349262
290199
306009
280700
367166
392986
349202
377015
385722
547683
946892
672364
621856
581429
428885
507967
462219
429466
419107
362086
472339
404628
403927
344312
351537
558504
615805
759171
748210
383508
394489
377456
335134
379299
329814
279217
281962
304997
287624
285069
265471
238799
238879
319765
403236
354902
605154
1049800
643498
539739
523918
495332
389178
327651
431330
435698
376534
338722
281241
270250
417974
370092
304135
282283
267755
277273
373669
348110
375663
317621
296972
261914
521613
341928
329464
285470
266502
356626
435538
328061
293024
368108
343982
380082
461638
385091
394519
473090
1023970
417143
385272
539538
495924
372316
338391
472229
414868
347248
342900
290750
438944
456388
364020
336187
328853
395240
534077
539959
437732
456478
496475
374601
293484
302662
337510
397044
357237
300438
295168
301119
344313
391563
331869
324174
775131
1290372
677423
528728
425558
408045
494802
447030
463542
389329
329965
332119
333762
390522
312982
315777
391332
442521
411171
464644
404388
566961
386373
292012
382385
377697
323863
344333
365052
338542
356836
360754
352778
348891
274768
265801
335786
354342
427071
501094
668626
526172
443793
414007
551140
489362
545169
364762
374109
599293
419016
308723
290559
344503
306490
314104
279427
256384
252756
278355
295880
320477
299125
282964
272444
268476
263527
315376
390942
327360
282413
260411
275029
357407
344312
303544
281541
283916
286031
271302
403937
473591
366856
447882
793076
706970
509721
475275
460767
420669
356656
404478
484652
400721
341737
282183
313403
306469
288014
310677
314835
372496
456147
415029
438273
379500
429196
509099
490112
388357
371114
332760
312782
271262
277444
264799
282453
308083
392736
434416
483500
574095
490102
588572
675079
570758
501424
620834
563023
648388
540119
495974
505793
595916
318673
275090
308704
303194
319014
548044
481857
415790
405881
499962
398497
411763
506615
386343
406612
391483
536713
592660
433754
401953
456808
654178
797775
620554
402744
361135
467129
386984
324494
342980
409217
349763
434085
483780
406533
361105
312782
276612
270200
252706
258758
267474
379831
403396
518708
442611
531272
540249
480655
550519
540009
583112
433283
573803
564637
528356
379080
498690
776855
919139
727229
562352
485655
571860
580196
501926
435117
375252
416000
342619
352949
257856
334894
294978
326839
309405
329184
312822
309876
274979
311860
312692
276081
321278
300478
282032
316339
308924
364621
376354
384660
328452
371855
368349
279698
325807
418806
575317
460977
433293
577401
461398
468331
434065
389149
345304
339593
284898
358871
423165
462720
561521
482318
328682
312211
332159
327530
355494
463041
384610
416672
372206
275470
330075
375362
258828
335966
355083
265821
335124
340805
306951
417894
491415
581980
499922
512065
498850
572522
553905
559496
322651
614432
673797
383258
306089
532625
510352
401893
318693
311950
343571
352057
311269
307361
345495
344051
291360
344002
315397
383568
322842
320537
382516
360874
282734
311830
273306
385161
335906
312741
259329
229181
342789
326428
313833
407744
345745
379491
502246
491896
394338
319525
490604
519670
566129
351436
426380
378798
314816
429567
399579
299547
297251
290840
287904
298554
311951
352177
321408
328291
303113
349342
276872
287874
405690
273746
234351
397314
408266
357027
412464
387887
455887
452380
421951
445316
307311
358139
362107
303855
411251
620694
602760
503379
528477
560469
375893
423275
452401
397555
387495
328612
482428
371925
464914
365894
404698
395651
352699
543877
485725
514800
534288
452049
536271
559526
526222
433874
530331
538476
422262
522465
488429
450036
557973
660020
700287
598331
466628
485934
626755
407835
360423
411181
295849
312691
338140
300278
326248
390381
327310
436690
421631
391003
328122
396773
364963
386414
461217
469794
415069
332330
325506
355173
373108
372186
278466
327349
354011
310718
319294
350284
310027
381444
440196
572902
667053
857400
541953
412864
595706
544037
584194
436289
355164
505303
373428
495313
495183
571099
528476
479663
523277
502106
495914
477789
535380
616737
427122
378058
504581
704826
621837
828564
623930
526933
503939
479031
488509
413345
358450
571600
469103
535320
441640
346326
366736
322510
311359
349873
312491
373549
291371
414317
466968
374721
560378
505212
419788
400972
392445
343712
306680
273907
279056
267124
258067
279117
300999
282614
285850
276071
284949
281341
329995
355594
350735
361386
397525
456949
549136
383598
289577
288825
305548
443904
407745
342589
524138
388798
300628
397956
326688
366505
316248
328652
373469
326899
358029
353339
292273
369871
430138
360113
438073
344132
345645
382065
415309
364732
392836
431651
390732
399168
480655
393376
464303
403987
437562
560969
537203
529719
392375
412253
462459
463541
406883
448203
451098
486726
365342
464984
474793
455075
467299
453913
462149
559336
673165
649890
639009
647195
635483
576530
567773
601547
559837
589644
592931
544958
573864
619422
447110
495693
436580
345625
424687
413125
298604
368629
438904
337509
494141
456478
494361
443824
474092
443713
562242
586247
447992
492167
549828
444265
645462
722260
682904
600486
604683
563444
592369
598521
581208
614022
677483
647606
791462
849955
512597
407975
414818
396412
373779
273316
372597
361325
317361
377406
338682
294196
280360
316449
354723
365052
337679
453282
386774
393196
336548
324193
380371
327309
337339
335796
447240
415399
348020
336047
356205
427623
423014
570718
484792
422963
383959
603060
641274
634110
573403
558345
596027
607789
611216
502427
405440
466157
623139
548124
572732
553235
543876
554466
547213
554858
540519
558965
562552
542443
551852
538406
679537
660961
634441
679387
615484
554186
612298
587641
594052
595636
558535
572452
556080
589945
583453
555478
585406
577430
556190
545229
554206
579865
570197
582170
566279
552423
582130
537474
574144
577270
576229
574105
568614
562552
560117
572742
555288
553044
604433
598571
590096
578533
535360
552563
567282
570508
565819
581038
588482
548996
622317
533246
547894
534789
463121
431510
516433
600746
485544
469974
580416
590005
494852
509170
467640
693474
731928
651964
555638
576499
551330
574506
577501
554687
547664
562332
574134
539838
581829
590195
537304
588803
555138
568163
556049
560428
541933
550879
577070
540179
655430
673656
525741
517927
523026
645462
623330
553875
614853
586649
585707
614873
622738
755363
583462
511665
553334
417884
542734
542082
676501
705708
648878
605625
602058
562422
596558
593272
577551
593041
573633
621376
616085
574175
574997
626746
588773
578263
570567
578813
540239
568724
568363
545088
582040
572301
566490
697833
643618
627787
734984
644921
535941
584524
570428
568964
576199
552913
562903
671382
643988
589193
561981
587871
524089
606506
570949
574706
690749
677493
627878
556811
501946
423425
554096
606577
731427
729013
738801
673746
650532
582300
587280
603611
594564
614031
567282
608450
640713
648418
608661
567853
577110
568694
570237
567502
553444
560338
564696
562472
570457
561710
604383
581128
581399
585145
552763
593161
585706
560519
593181
559095
580757
594002
571359
616556
584965
561019
566029
573433
578182
553294
577782
594694
550689
580888
550820
579845
573794
555268
587029
559857
583413
561019
575307
610224
561470
595916
609763
582661
582501
573864
588893
556450
563914
557482
548415
629010
587059
567291
597189
564606
602840
586358
562312
602058
556360
583222
599974
604784
591888
562242
605706
573152
562031
583192
591118
564807
631224
582551
628570
667013
595316
619722
606767
572972
611938
600555
589925
592961
580136
567000
570397
572401
569546
633900
601407
693815
626435
461207
434406
406983
621656
699947
669308
573663
587319
561761
580226
585636
570928
698233
747608
770793
671983
729443
823043
737689
415720
330516
340405
419948
368840
486515
407815
562742
542674
569897
580517
467399
449594
404428
485985
465636
563925
449084
405730
375392
429867
318943
292803
321489
331468
332700
406963
535340
527866
547764
574646
515040
505392
535300
471597
269919
355053
278515
252756
361696
304416
270811
477920
536242
352278
399990
481185
450898
342349
254540
283506
358500
276572
389820
372978
384510
516944
507636
546161
445256
411932
467820
612398
518718
429045
506604
501174
429155
534979
1092602
474223
388307
400220
464694
398416
352228
396302
715737
492598
625072
624100
727419
629641
548345
470596
532885
589764
741145
503148
342599
330877
375853
339383
315607
410670
390020
335706
346967
322169
260751
262585
243969
264990
287643
308233
267144
372847
540480
460456
514019
597840
323412
292723
266042
275079
256503
376284
442482
381624
503399
528537
345815
341657
357638
251383
356596
286621
267946
372707
340585
290068
287954
317652
228790
321509
294095
215043
233589
325627
301831
224892
277524
292433
543065
387605
443002
472409
451969
365273
470495
362267
385011
433864
341768
371315
493349
446680
435648
444785
333492
383378
528677
386374
333983
536943
466457
422252
405841
378308
528597
827642
693764
652134
623439
659659
612448
647336
595145
556761
584184
571991
562472
557322
590406
569075
576219
548094
655952
651142
789248
825809
761364
503228
451188
431009
407273
455577
440457
467449
658757
554867
577291
564176
549046
576408
551531
584154
555599
597720
556550
562853
581909
534348
600976
588032
829837
813215
706609
572622
541752
583002
551871
555048
596448
587119
579936
556451
612158
573463
584755
638348
604974
596447
583002
548806
583773
564315
699446
726577
595326
626936
470435
577852
759171
553846
498028
550760
510392
491205
425910
363008
506294
511805
583272
644410
623380
610956
578062
531663
567783
577231
567501
574886
557993
703213
763839
420800
420159
291892
275009
425128
380242
300528
302903
452561
483300
602779
654129
557552
401883
429897
356206
489722
723893
683555
580797
592370
576749
572201
587821
571930
584424
584524
577662
582651
581208
571650
577270
656353
787315
722971
637367
701560
656673
453092
356286
404749
454965
424646
451318
436369
414147
332841
454865
279327
265250
246203
264609
266052
248017
260751
269679
254079
309716
332059
354281
336858
438564
411271
353910
420189
374541
440047
436600
800600
745895
473892
510803
500593
492848
401512
438774
409578
375713
367848
401633
397595
368809
385913
426610
340796
343280
454364
397745
278236
317401
336708
276803
382836
329012
242818
297482
238249
407775
606146
526724
512335
457761
467149
374551
266192
346297
278676
245663
338582
321820
292603
276702
294076
298224
361706
280770
318984
301951
322340
487678
400240
335084
393477
346938
404959
378809
381795
335886
426039
374410
327420
425328
352688
327209
446609
377447
370492
439095
343310
496134
582911
486406
433684
516824
372456
412213
558534
378378
495002
506905
433935
458602
431871
432962
493088
547954
572161
496204
465896
446249
464774
469543
349292
386524
447290
425458
447551
382886
593582
589253
435137
459884
480795
453532
605585
382406
472218
381243
461749
442782
379450
415359
469052
399088
419436
451348
372186
431159
367467
446028
408506
667103
701139
755002
557603
487358
560027
634891
541511
484672
418966
452371
572501
414087
427272
302392
434285
302272
374430
511655
528446
447972
517005
439075
427883
574315
638528
551982
532805
609582
481576
385391
486807
467058
426690
418576
534399
459594
446629
527315
717099
539819
269749
282042
284427
467199
252115
259078
372206
261433
333121
446549
410009
462210
479713
445296
439496
419427
597039
444786
400381
376895
280088
257375
388387
281932
312852
333702
288174
344613
339643
271433
301910
339934
490083
702872
747057
615294
555198
507246
537855
623890
651874
632637
612067
608630
580888
634460
595495
586930
625574
639510
580777
624933
591228
576008
629701
602590
607919
700989
771244
769600
648838
654919
670881
653687
522545
467900
547703
568785
603982
579835
658026
573504
401102
361325
231315
316298
312031
255031
317400
404788
345395
235773
375573
357638
267655
387195
648628
600155
422432
365403
312852
428635
478971
498128
569285
526894
521023
381845
446939
409929
370663
439726
359622
428975
387135
349523
396543
478180
387095
373929
448112
599063
813094
693063
395190
323523
345715
676311
684497
623239
592900
576950
596458
593241
742739
626004
716147
931652
618671
544448
509540
368128
438283
534138
694366
688685
429336
352668
455016
430098
470335
389509
459283
437011
386113
442151
458152
375752
435067
442631
365754
559286
644079
553044
496756
562623
471066
684627
941151
596116
578273
561610
492347
473120
458412
385842
405600
460956
404388
541632
546942
568494
454534
563634
579134
598531
563885
479753
499481
546221
371054
286982
360594
329765
308704
343511
337489
342579
453312
623570
982009
333201
314926
265961
347499
430778
378568
293955
279567
293986
283986
267965
240252
347097
248979
226847
375282
293614
264920
254860
300428
292413
268036
309336
349332
291100
352238
333342
453502
541712
744522
686981
436861
455597
406632
391984
495293
399588
513388
475976
496314
445577
539458
510101
427793
267554
334564
229572
272143
356315
282924
304767
372407
257265
300167
335575
264619
268647
363389
258547
269729
337650
279388
339563
327039
270601
313814
327710
377386
275660
288715
319103
420880
387976
398156
496274
715206
711830
612599
703043
727349
606957
861938
811090
734092
728051
759340
694636
594564
506675
481627
415820
425208
390691
413916
373900
382766
397936
515441
449494
511233
387586
427262
370072
355033
347338
403958
399077
333542
342459
399178
340354
332420
371194
418445
381574
305308
517746
496846
356145
399008
319013
277965
424166
296581
271673
283626
314886
323002
346697
457580
364091
342108
432833
367818
487057
379170
394289
442741
309525
463933
396643
392284
461708
400640
472118
339383
450327
379750
349432
446299
384429
437943
341206
386563
493700
388768
413175
505733
401343
418395
502557
343411
462480
493649
392595
426862
483851
432301
345525
458261
441108
384490
459053
453252
371064
448032
442381
420859
533988
497056
540179
605284
657806
572391
577811
587450
601177
582070
606226
695698
827031
745294
766124
358009
312521
287102
389449
277053
298184
359322
248037
281221
297041
292843
269148
280189
282573
284758
277414
360063
278807
267204
395701
385090
412594
378198
380712
360143
362697
384580
482859
406292
528206
691390
656232
780451
789739
784789
702952
644670
592269
1013770
700237
589414
529820
525721
374631
603130
372617
311660
286953
303684
334494
370854
275370
300278
288926
292162
320326
245161
274738
285268
322660
344212
364121
340946
349031
370643
344362
352378
437722
461918
451058
636565
449424
454274
450306
440166
416862
366354
354201
372788
483030
313544
325496
302822
337769
316048
347749
436980
532154
513408
672103
509500
393807
435317
433815
459665
430117
471166
496305
603371
470214
526072
576188
523968
392646
479563
482909
674467
421050
503618
327080
296040
273837
332590
279157
278777
400561
418085
365072
358199
533606
409618
294146
296972
269749
261974
290309
342128
325907
419437
339984
323643
408927
323863
314435
434626
357979
452531
289406
337850
359211
467480
328703
432452
321538
340465
435417
341557
402054
602079
588031
374280
577601
669838
466988
404578
390532
379800
408986
421892
457871
494300
415419
380552
376885
326347
385592
381173
283676
375532
340074
284558
313192
300247
306820
267374
251955
252867
258467
249640
255321
333150
379621
355544
302532
452280
410129
316078
408155
455376
379330
441319
649289
559627
656674
742328
461938
477619
448342
317050
372627
374551
348501
428615
385271
414157
385512
360754
355935
374791
364080
335335
371955
353240
310788
322851
353700
370743
370242
349873
363299
426370
415680
533416
464564
354872
460345
556170
542964
565328
561420
771243
642015
458191
449505
412103
463672
336317
479342
454704
412072
371725
439195
425849
363790
441700
422383
456789
419497
522755
440998
469464
463893
432823
470145
413335
414027
434777
478260
455877
428114
482549
459745
433083
475204
533406
416661
574866
635693
528898
566710
503619
539558
503899
511604
341367
437972
513457
415529
429546
522415
431700
367026
415369
547984
625173
643948
596748
593872
628709
604934
589975
602719
577541
594534
576018
596548
693675
581589
615664
598441
579945
613961
551762
608371
592671
556962
603280
580376
773378
713884
520030
452811
361505
456729
393126
419297
385371
308984
307702
300198
357228
318383
294667
261302
265120
303114
340284
393427
264389
313132
429056
556039
350494
359471
366916
317952
357287
420989
316739
384419
320897
382025
376173
312562
361675
328682
382706
377306
384270
316829
381975
382456
359712
347198
498589
494101
328863
580026
543445
501314
382786
385021
366916
368519
357949
382897
463692
281552
351136
473511
494511
497026
544217
491766
316298
277934
331718
333582
323572
317772
345955
315347
337830
292783
315237
331638
334674
352368
383317
351767
306550
386593
298535
366455
314545
302783
313904
298404
297382
317181
329995
285459
295489
309595
362096
528096
488910
447351
492287
494201
471427
588072
569025
653998
496245
451489
448092
495062
432782
328833
457410
490844
347438
306970
301150
287202
298074
346557
365212
321018
296861
313183
368869
289637
345264
373920
430869
420389
410660
492387
412504
418165
687222
770191
674878
610163
604042
597239
660771
875374
719304
652415
697491
642687
618800
617908
681631
695027
643578
635893
618360
596558
596838
598581
651644
614572
604784
594153
592600
592239
615775
617759
762207
927635
700317
471537
351426
318513
366064
334734
417704
393046
338953
438824
379741
318533
417453
320737
389279
327491
381954
478150
352999
427803
531201
514250
513217
451459
521413
552032
433744
527665
519450
468532
503769
539367
435748
528207
442842
520471
601106
563243
687823
852500
661884
665049
572331
526913
587139
563454
607318
576369
555138
570116
564395
553906
560508
566671
573623
545079
582891
569445
560449
599583
568032
572221
600165
653387
735886
696139
466537
459594
452460
482138
449795
481928
477549
455817
426220
465556
455616
424607
503679
416311
471186
532494
465375
445076
490744
414087
444475
517205
668757
638879
569155
579845
539438
638007
630022
580738
649740
551531
615824
594925
587670
632246
652726
592930
588763
571680
554967
558595
563835
554657
565027
584584
542864
547243
579265
555749
557363
576319
567471
569415
565598
556310
560689
667654
552623
555939
579465
536863
596538
586368
576599
550769
545670
553134
550089
562142
583512
569215
579746
602960
598992
600776
581428
605485
605645
568393
590806
573824
615825
597659
585717
570287
616406
588262
570277
601748
614753
610515
605004
627828
651884
631886
694176
672353
812503
735284
673626
729493
631946
595365
622848
598702
592831
614021
582531
580968
578964
599293
593141
592680
602529
554506
612669
604122
651613
624993
567753
606968
609973
562281
615274
611777
625854
601727
599082
575868
631896
627708
604203
712902
669718
650111
716438
703784
604202
613941
586869
609422
618980
581308
628028
607539
572060
605565
612860
578082
593311
596658
565698
610394
606407
615373
596558
623961
587040
583222
608631
582440
580617
612819
576559
639680
617368
578243
611857
605895
569716
615684
589634
603481
632307
578022
604984
594173
585076
595536
600445
571941
584986
624542
593461
605275
594324
614442
582160
587430
593632
589143
613350
627036
648868
642556
546531
651103
618790
585096
587330
569215
611346
612368
562121
602640
593863
585987
618390
588352
608250
615494
583332
567552
583733
599463
609342
600114
591227
586819
588683
595636
592640
616316
594153
577020
599263
586889
577191
607699
575707
584214
599714
584895
588903
592190
592330
617257
588723
593943
577401
612148
587851
590496
605335
693003
808345
818755
559446
465015
428264
472469
514179
387836
492878
445738
461568
384229
511253
402755
486867
588432
649260
637386
607047
754672
798736
780431
689747
747107
668406
420199
384560
337079
642877
653958
731838
965568
840848
823865
756646
780732
799248
589414
610054
609322
592790
581538
587992
581418
570067
592740
632968
673425
670860
684497
537534
649379
715016
486917
539197
401081
340084
297483
283105
329344
275690
258778
350284
337981
324003
500152
403156
285820
277945
264278
274378
301760
286722
290449
296971
276412
311740
262796
277293
260831
263957
273155
263547
328542
264068
264118
330275
275971
271933
271722
333070
265030
294467
413586
437612
594824
601367
637286
643898
608852
452000
412634
315778
331298
327269
266744
293584
412143
273035
267615
282113
263707
263426
277063
267345
261583
343942
274818
347058
422843
307932
318313
326638
371765
250923
253518
342659
251654
317731
352929
271061
241254
342118
340735
390792
400461
352448
345675
474783
356816
497857
429236
584414
474693
630393
511734
389419
472479
382797
369732
383026
381865
380061
364451
474172
502907
385892
494230
469583
558355
744202
565718
475865
397816
459765
364361
366145
462329
399358
538065
497317
572822
584504
726298
792886
697011
673276
479382
445416
376925
443343
417323
308945
275680
285780
275319
253277
282473
262495
248458
259890
269198
290839
254339
364461
463161
482188
577771
698473
492297
400811
347619
308964
300638
274238
281662
314455
271723
283315
310457
278426
287583
330115
320717
497337
629781
777426
565448
475635
622778
475264
563454
400190
324645
380102
306169
312291
317160
300739
323543
375723
326849
364802
381274
357207
375442
350515
376224
362226
358189
392164
408566
327230
345705
427443
467780
411101
333662
419747
390822
407594
436179
474403
513849
677934
707692
745745
964225
466938
342429
395280
340364
324875
323673
334133
317491
314395
327160
283786
301020
445407
495333
442111
560829
508358
462489
480835
430669
458502
404919
456679
412664
394179
404669
376414
467860
375853
546571
675550
626786
604664
734954
603882
541451
337289
264830
370463
332901
353961
298634
374871
278045
305348
258417
290539
296500
276181
291280
271172
267745
291250
306299
282183
256914
293545
282183
258097
243959
350684
268686
258938
366966
437060
336207
325266
286151
369922
370753
425859
363700
371064
437291
295388
570147
498098
613841
349983
343862
313433
309365
269037
323132
300137
253368
348541
289046
274478
325516
276092
277944
319425
279377
262835
262104
280279
265431
275280
276331
327300
268516
265511
281641
325196
264769
272644
335485
276552
253377
284878
287163
338551
295979
333722
338111
368459
364481
284677
277434
295799
282443
355674
303995
302001
351897
301220
365002
351757
359341
346507
393246
314726
355994
396283
367146
337309
373659
286892
380842
255692
254410
374761
277323
367287
386714
362166
369170
416942
347037
524169
606727
652826
538817
361725
347618
394078
342719
428905
361976
312140
434085
381174
340535
412273
401272
325106
373208
419056
311880
380202
480625
756906
627868
611386
592610
554857
520953
421551
644390
607429
600004
627507
636775
623579
579335
553705
563374
553044
549116
557512
583712
563555
650040
976779
995966
1257299
1165903
711068
467580
571319
1064658
464634
358339
330646
522906
499882
380362
402474
304175
356986
706679
994313
1101419
580627
846779
998882
636014
629160
524529
463932
378107
346988
476307
394028
495884
710407
900572
505903
325206
438233
480644
472098
446769
425048
566089
612789
445177
484552
699907
360904
306991
295990
291100
278405
277695
290118
295398
271853
293886
268697
274588
268025
271563
271172
264919
282273
277103
268406
266924
282684
296270
294857
318673
502677
388918
412173
476377
382586
334444
417654
360384
309004
318543
289687
249630
281221
391413
316999
301400
274728
285940
342739
329754
315056
341577
300038
284437
261563
331658
383317
311780
278776
311049
385091
354863
391423
374100
337870
392606
378078
381063
345284
474042
489261
565869
576649
340214
290929
425759
339272
327460
375522
294647
401052
341176
248047
267524
253397
248879
252135
328913
264248
413175
352738
356686
371865
272975
357027
587300
428084
459494
362347
361896
421160
358179
341046
305077
456218
381624
304405
348841
315537
269378
299696
354983
376153
280350
356065
368759
263607
350905
362237
354422
382526
317801
302392
246805
296390
296119
271111
298023
301330
281621
255181
242958
254720
263186
286651
364832
333742
278085
383849
331998
273276
369742
452771
399298
440438
346336
528727
496084
476437
468832
512646
460856
480404
499682
401452
417783
492488
380031
479883
404057
438784
514560
653647
606526
640342
595927
614072
642015
598922
580106
585076
555299
583613
600605
581939
588973
574315
608551
566960
554567
591999
563353
584254
599554
573463
575607
561350
643308
597589
576790
593802
582631
579314
586538
594143
571139
587740
582681
579575
603090
591548
586729
568824
602249
575768
600284
632467
610053
637546
605625
614572
644590
610745
825418
828774
531022
528777
478080
363850
459554
455185
392866
508569
574355
801542
650141
669528
704996
588713
492137
633499
598331
734142
525501
545870
457500
550199
523558
428344
480003
528908
480615
527945
437020
601988
559356
469804
400170
405560
422704
454674
439376
425719
445377
416992
385251
441710
365353
365503
413756
399589
358410
407894
384139
452511
489061
409768
425349
603832
457200
378909
422683
458352
373138
323281
305117
293615
289758
351807
402775
425739
486406
494782
410460
555789
648107
692161
680359
465094
481517
315046
271412
291892
283235
272855
278286
261694
267465
253267
279478
261784
259720
253588
242286
247185
278987
271472
271211
302222
277714
296300
299246
314585
314936
269278
327880
360063
357898
385632
362758
317621
325526
510011
596818
516112
653548
468481
697722
575447
560007
422302
465856
433274
443914
444044
378208
392676
497908
504671
366205
505713
466207
453613
374029
373739
372687
372857
439937
502507
342258
427152
351136
345284
293805
313794
329293
315598
322691
350113
326728
311469
358359
372367
323933
332249
345344
337480
338071
507326
528126
525481
559366
543967
549427
521403
472378
926202
1045291
568724
598972
696720
396753
357508
390001
516423
660150
410520
455737
338952
381905
365583
342208
378308
334033
305247
307402
331688
316448
321408
413826
486836
419637
570437
503318
504380
528928
460987
392014
373288
390502
374410
350615
327510
284988
294657
308914
310157
325136
363540
338471
323643
305809
384420
380021
331989
290449
346646
349342
638047
644220
595676
615244
632046
455596
455076
354792
326738
310798
308113
320036
329805
344883
344452
439446
470335
337669
328652
327049
316459
305588
325626
321498
329374
340596
351306
386734
478440
534910
541402
362568
432653
355594
325827
329885
332229
384820
350945
358089
333472
334103
430508
407775
615644
450217
367056
395250
584174
1250997
948054
715907
553095
375963
382426
385121
363609
373368
372236
440227
432211
498368
522686
453312
470646
494361
434656
375522
445477
433373
608431
613330
613771
500473
357979
384630
382045
369059
490013
686200
528727
739011
669147
718863
474983
437602
446459
387235
358890
328311
303063
319946
304496
290208
307662
310667
306410
310267
333752
304977
305538
309615
297412
291661
326238
305618
313213
338932
368600
492858
391593
425890
477017
416732
376244
315407
376244
381253
369731
552603
663005
630233
879582
880454
672784
337449
415710
492428
451638
382405
354702
367657
358850
377275
360764
350705
377306
333742
325906
337629
358931
318313
355694
351076
390601
324905
323182
396523
334003
338742
425779
386984
454073
370302
425689
393117
372998
536994
581329
596497
576639
485744
883259
546051
613440
447441
486636
476035
592320
490393
411111
357507
351626
361345
434566
369902
447160
475344
771294
669057
430689
354922
392244
361295
385221
363960
350825
371705
337709
355574
414557
452741
484281
607619
584004
513588
578263
679587
630213
467199
422613
371265
382075
349423
403506
435918
479803
439746
377416
413265
479152
445647
424767
385562
384880
439356
326418
308814
272123
314926
294377
307943
324394
317671
320627
326428
313063
403978
575497
584163
581088
727149
628359
711990
482117
334593
435928
335395
304426
359060
334293
321889
322080
310758
304676
305768
297863
287714
304436
297011
280360
298313
279157
257896
252806
259590
245372
251554
272455
272755
272214
271072
289277
249640
242366
255782
248328
234852
241114
261613
280490
267745
261163
276742
272233
265220
268145
276081
362176
372516
548686
568353
464745
535951
460546
366776
328832
298404
307011
277003
283185
281141
278055
275340
264118
293375
262826
242527
246013
264429
250101
286091
293043
285289
264619
276462
292613
274579
264489
277454
278516
277073
242968
367487
286831
285559
349763
315667
350044
473060
349072
283967
321178
309194
334964
416702
808085
814206
582701
485995
449364
523176
511704
506013
466577
436249
389359
473321
403346
398537
450136
393477
473371
541922
532654
554777
581378
481757
585366
614021
464875
579124
584575
409588
488199
537494
445086
597970
687873
823584
583632
497257
468872
415399
593953
562142
449004
385702
379740
400331
375783
393507
362327
385011
393277
373729
385211
391523
357568
394740
374861
353209
377426
381534
368729
390431
338551
351887
311610
334303
320015
280069
330105
303033
390270
271082
386473
364451
534869
834495
518057
392886
487147
354342
451969
384630
349021
310558
308032
292523
253728
280109
286702
274839
268226
268085
269929
292663
287633
270420
271563
260632
317481
333792
303474
308875
318092
298274
280690
398266
292823
282714
401102
292202
378057
384930
280850
275771
289918
351968
276151
304115
298424
442471
377246
426110
646243
1029350
677022
620594
611577
483159
502136
465455
465716
436910
364672
444385
499781
367728
487999
429757
435818
561780
465285
438263
480003
409558
441570
511204
425920
460746
482789
423534
436540
579305
525812
501695
639380
562963
618971
596667
427573
429026
438584
392816
440287
441259
378969
382255
399829
382727
527435
595886
675359
686240
588833
492247
443092
422803
337359
303994
273776
382486
349372
335615
332820
290419
287283
317421
354111
435618
851909
555578
479733
552663
368679
408416
377376
351216
350334
324755
317901
326709
352048
315326
322330
284508
331568
366395
533526
432552
316048
271652
260932
255110
273667
261773
261924
298364
272745
256683
260471
264790
276582
269258
261853
342428
275740
308564
329954
263958
292824
326789
323081
276442
383999
429346
406122
487408
496505
1077903
681150
413886
345485
322941
340845
338652
330526
263968
328642
292092
249510
280159
258307
252807
289026
271703
282524
265691
275520
266843
287123
262856
237416
296280
267315
335967
284347
328272
337199
298825
365383
272204
275911
431721
284888
306369
421882
294557
312702
284958
306860
283195
278336
295047
325076
411532
512646
475264
370973
416000
401433
505342
439506
407775
372397
441800
394339
317450
322200
311069
386273
349041
415369
414597
420319
384880
414347
344363
447802
429607
364812
427743
510532
423645
455807
418184
374079
484993
418525
379160
417684
389520
532725
566119
558615
781424
678986
467750
386193
405981
339293
293204
296510
300578
269839
300198
278907
264700
284728
280730
288576
299456
366966
342529
319114
279838
273897
299005
396743
366575
296120
282724
273877
250672
264218
267314
247757
250161
314194
292733
248127
299777
272063
264830
300047
269940
251323
320878
293936
325406
383197
414738
559647
448112
398196
380362
425839
474713
353721
358980
315056
280530
270721
296480
277974
258448
283285
292653
267855
270280
295148
290519
272053
277794
286030
281121
283195
307311
279678
273236
343311
354332
256504
297082
385621
363590
377476
312831
377877
435107
386484
443884
405931
414037
418144
444786
663847
843773
763689
650832
807593
632346
558865
464724
494241
524699
462830
540259
526944
447360
498298
516904
480645
484923
474172
403516
464082
481767
542905
442251
501094
442190
544377
463231
552152
557652
711499
756215
826901
823855
720085
503519
515983
549026
398106
337309
298695
355374
328292
295508
319615
320266
359452
357618
419077
377686
366525
330166
952953
745594
735265
1577154
1157687
1669953
1153389
950488
768849
480014
570237
4508734
934828
652726
547964
4371900
890873
1233694
1712424
2347676
1149041
674017
914159
1122630
1040752
3573384
948895
1092943
3510904
1268801
1692125
4334308
790050
761725
682704
808886
2667582
1254904
680289
398096
310217
285800
309826
427102
510161
372957
332379
375943
455476
454405
322120
319374
371355
533276
436720
507115
598752
519931
476877
581619
616336
465275
335976
313292
296410
269679
273807
296310
318302
300258
359552
357638
369852
463552
420479
351647
317791
374610
452601
461528
407464
2570926
4324990
3156632
833664
454534
375693
1330649
644039
895572
465205
506494
471256
440377
576940
432081
432352
401973
351927
276342
325746
278877
271192
267624
265190
251504
254209
274097
284558
270611
278245
264649
268296
262024
293083
273606
268978
278596
286772
267334
263367
272294
268296
256463
281282
268456
263738
266843
280640
264469
274348
261833
295488
290720
342169
399869
409458
367988
382326
530711
430648
402103
408405
333592
314605
322371
307311
302622
310137
288324
292623
290910
294587
268165
286661
271903
255592
270961
288064
261614
272524
289798
280359
261894
281401
273616
263968
269829
283225
259459
270020
256784
264830
262225
260672
268927
274368
257796
244611
265911
253588
239251
264218
276462
268366
266974
321619
365063
328151
432752
479632
575747
375593
357177
441018
403937
352128
343040
316940
319495
306299
304526
294035
289998
295980
329434
324895
317371
371865
378829
304235
327510
344572
327750
364401
347559
375823
314314
295488
312421
281010
271793
287053
273916
275690
285078
298525
264729
269308
271332
280991
276522
273797
260151
291561
299726
344994
423225
444736
547163
344983
312181
309145
391222
411382
346987
403056
427102
376274
338922
294997
345234
310036
300768
286671
292473
272755
263406
278175
259679
274148
263938
252205
254970
260090
264509
262485
266112
249851
268727
260030
255301
277675
268828
249870
260391
270270
260131
256474
252676
284417
268477
254149
278656
255872
255411
265481
302963
346607
332590
378057
404679
585977
373979
379009
410560
417142
376715
330306
328091
305587
293524
273536
293595
280038
256905
265120
275761
254620
273586
262475
287132
263707
278837
277404
261413
274548
267334
261053
290389
273967
271292
285860
274538
274408
268957
331207
295569
268035
347890
330446
270130
365363
330255
389099
266372
289868
409167
345866
346787
519429
601667
437302
366635
289978
359933
365052
390571
365874
350965
318413
327580
298023
298334
294175
265030
282394
279096
283475
281682
257535
298014

