40897404
40936639
40764270
40899587
41031129
40905449
41122280
41028883
41032992
41918662
40734180
41869079
41141084
40904153
40884485
40981070
41058055
40955882
40961001
41002791
40981600
40860510
40910525
40975559
40999094
40912849
41006718
42055144
40894254
40960340
40801958
41090287
41165320
41770364
41044616
40919479
40961418
40677829
40973782
40906183
41079203
40816062
41204861
40745047
42035663
40947933
40974353
40849927
41009530
41076617
40893780
40930450
41932006
41163212
40821221
40954065
40846550
40950868
42001004
41000580
40829744
40989699
41015928
40928793
40895058
40980752
40861875
40931277
40927321
40971053
41041397
40956345
40912712
40880612
41556267
41558771
41510802
41326470
40893846
41114807
40819835
40915085
40884023
41847167
41181972
40849398
41100947
41002149
40939630
43126173
40524419
40971731
40998402
40868014
41019492
41113261
40928318
40854728
40956161
40959538
41023529
40944820
41053447
40822367
41128299
41775131
40880661
41920204
40985995
41133867
40861398
40802805
41017575
40943563
41121663
40937322
40904450
41081145
41038976
40680373
40927533
40904249
41012134
41071406
40778882
41052701
41068872
40828625
41149285
40746498
40966257
41008855
40938520
40905057
40839211
41228433
40806659
40970100
41141616
41722724
41446428
41539355
41014123
40867895
40843830
41932633
40901259
40891090
41181241
41077716
41312893
41902067
41459892
41465585
41925841
41554839
40856910
40877200
41381511
41493594
40943436
40842343
41061542
40950158
40874725
41097168
40877611
40961210
41138747
40916876
40895103
40981409
41483444
41455002
40918659
40812495
40985937
40828497
40908579
40958317
41058160
40879602
41163632
40821009
40979671
40914477
41074702
40680502
40968641
40903106
41147281
41000982
41016491
40637099
40893788
41950360
42051252
40965595
41203137
40626028
41923468
41039546
41032471
40846129
40998573
40926546
41065000
40846073
40967765
40975420
41027740
40784035
40933008
40975018
41061624
40957064
40877292
40957004
41011588
40972424
40972343
40975550
40827598
40967034
41938264
41030073
40775278
41060491
40860454
40919220
41078431
40849737
41106235
40942213
40800483
40872098
41132485
42053779
40695062
40991507
40951340
41006946
41212767
41687431
40939377
40951319
40883551
40893259
41012096
40909360
41040609
41003479
41090548
40809255
40921770
40926228
41163260
40748940
40957218
40888446
41174070
41654235
41159573
40784228
41037530
40797744
40984869
40848199
41055093
40983017
41034124
40978627
40921148
41868243
40942619
40911610
40962938
40998061
40777762
41028048
41941549
40911605
40852054
41077151
40882641
40923288
40877031
41111326
41007970
40974326
40887360
40952284
40934029
40837865
41013961
40941173
41023439
40863225
40947846
40845368
40935062
41149935
41252933
41719151
41439698
41915444
41981780
41692420
41625172
41657583
41647083
41418178
41044636
40900050
40920709
40975254
40929817
41873014
41041610
40972388
40959534
40944515
40773027
41126682
40744974
40979226
41314515
41801955
40853998
40992502
40842396
40931345
40886971
40972975
40954200
40923320
42118017
40903712
40901909
42005031
40827057
42017946
40970700
40893413
40924843
41111730
40843298
41161334
41622102
41175744
41628340
41340791
41707411
41140129
41610767
43950114
42020858
40851279
41060377
40837983
40861799
41966444
41166039
40754134
40960017
41047473
40926963
40909289
41024650
40986417
40847201
41200244
40830379
41172502
42675712
41161927
41644075
41310701
41492788
41961401
40911179
41109086
41821173
41951271
40890529
41202545
41665156
41082455
40774598
40994699
40903154
41047959
40962196
40931267
40917621
42001757
41987340
40890740
41038558
41740315
40968564
41062854
40943917
40850499
41115304
40807508
41112018
41686112
41021365
41986183
40857002
40879495
41055671
40922186
41001938
40833846
41079065
40823408
40966461
41104764
40916935
41066520
40816910
41102876
40696562
41096083
40904639
40879259
41976802
41820203
41043122
40909327
40909077
40989690
40912793
42025014
40943001
40838382
40928102
40955675
41067619
40924016
41049143
40924427
41383560
41536742
40851309
41306780
41503705
41101058
40682522
41106988
41564412
41320487
41473488
41950166
41805321
41441236
40965400
41005758
40961731
40952215
40863756
40915063
41344072
41589979
40975859
41547319
41462598
40975879
41054981
41225680
41482050
41374385
41423359
41109280
40889382
40758289
41120761
40957280
41369997
41597841
41326956
41365056
41049776
40911121
41515114
41463816
40834035
41046980
41068892
40656486
41076979
41534539
41927951
41981940
41774632
41505961
41405010
41421100
40902409
41192274
41702857
41086533
41097582
41733857
40999194
41443864
42017075
41986287
41074419
40974168
41901646
41134222
41850839
41078306
40956994
40867184
41079058
40924758
40902656
40838354
40964906
40963033
41028746
41494376
42478661
40873882
40986948
40889332
40943405
40961098
41000534
40980946
40772838
41538290
41531134
41067280
40830049
40999120
40989843
40804931
40831242
40967691
41148811
40800007
41129105
40825484
41014637
40871585
41098385
41006330
40903775
40922871
41038562
40689286
40944932
41230618
40768006
40993384
41133142
40785158
40886463
41068638
41022381
40968478
42478137
41712898
41538611
40848264
41032356
40932063
41006768
40909630
40922696
40905383
40941452
41105185
41953051
41807975
41155620
40741772
41041614
41074085
40771417
41080637
40806094
41028678
41015293
40803560
41104131
40952032
40917892
40966355
40793977
41017431
41131129
40810558
41124527
40954321
40986624
40886243
41027911
40794439
41000369
40942940
40852407
41016862
40809136
41130486
40952298
40943402
40966925
40882887
40991231
41193919
40819928
40920533
41876887
41062003
40709520
41020205
41082691
40787569
41025434
40860677
41050180
40805003
41174236
40829989
41079095
40840330
40890626
40926736
41074696
42018837
40725371
41123780
40778783
41058607
40968264
41271267
41560218
41035778
40900270
40928794
40982446
40840487
41173169
40741105
41083228
40931961
40956146
40942842
41000891
41049935
41899104
40846056
41003246
40838352
40944245
41090962
40959021
40979691
40837900
41023178
41079738
40948627
40891187
40855830
40962293
40868186
40902078
40944589
41160160
40803290
41079548
41004152
40871229
40813830
41049540
41099254
40839890
40947465
40931275
40815723
41004664
41064257
41074878
41765878
40842400
41065085
41032312
40817622
41128636
40902926
40931720
40920519
40868129
40908506
41073450
40882236
41047751
40834455
41028896
40890081
40981475
40844554
41109469
40849043
41072048
40807714
40954394
41166558
40777491
41122277
41167906
41620911
40959198
40927257
41400239
41585714
41895815
40993925
40751381
40909784
41074456
40859047
41082123
41028721
40952615
41538734
41383878
41427462
41502053
40851172
40877512
40845250
41032502
41062631
40742300
41133755
41023146
40743612
41467293
41492079
41171088
41631195
40838933
41075285
40770472
41044497
41139988
41122425
40951849
40754873
40861677
41539589
41785109
41629363
40742951
41004159
40894412
40841413
40964518
41168538
40881269
41146275
40727095
41561217
41385129
41422443
41849226
42436226
41845219
41089296
40761850
41015728
41042147
41114324
40908582
40800486
41163847
40915055
41349272
41524076
40831236
40836128
40968491
40794378
40986597
41278702
40718164
41054475
41509934
41472182
41324471
41472273
41319591
41530313
40951740
40832010
40772768
41124668
41002887
40827130
41051110
41563237
41747547
41447664
41080315
41623587
41230286
40782301
40972884
40863917
41021357
41134613
40779446
41114474
40997552
40866872
41325066
41594591
41399929
41413556
40929471
40936576
40842616
40938950
41081953
40922278
41281734
41730390
40946965
40995400
41311396
41718512
41560030
41015100
40926411
40792496
40931301
41147663
40986216
40960857
40882547
41020100
40914529
41441154
41508902
40803115
40884601
40927193
40892326
41294073
41768749
40932242
41017925
41048868
40811917
40908813
41071954
41816634
40906518
41022850
40810125
41058657
40795666
41157898
40934962
41168999
41660737
41414838
41533715
41529726
41400461
40961924
40811376
40946454
40843859
40870509
41225247
40871782
41117607
41190334
41682494
41697152
41537307
41570911
40814917
44034913
42099690
40429543
41040409
41116623
40774392
41030149
40890221
40951189
41035731
41106303
40916353
40863490
40911593
41142643
40738884
40952190
41153057
40822748
41056976
40972042
40876281
41543455
41801766
41514118
40987582
40957695
40954640
40821315
40900037
41003333
41286603
40889445
40645850
41613828
41421381
41380001
41577359
41824210
41986308
40938318
40904566
40863881
41165668
40933574
41064424
40805380
41593534
41828723
41440502
42155597
41909998
41673417
40947601
40830950
40971998
41214350
41062780
41752948
41073031
41256460
41488765
41027123
40890332
41166489
40786516
40785737
40940903
40928390
41165001
41084317
40730913
40922809
41211871
41865166
40948969
40935894
40842395
41006539
40773895
40902551
41451285
41596344
41119815
41187083
41692889
41381615
41969196
41468120
40895276
41965314
40777637
40975725
40852327
40991065
41125170
40935067
40977118
40876835
40887997
41523960
41526627
41308730
41574197
40834294
41060817
40781434
40961927
41193370
40989803
41133936
41556022
41701460
41859462
42090367
41282524
40811757
40997821
41027117
40696346
40929491
41063477
41076221
40924892
40777412
41158558
40861922
41099868
40922727
40814982
40989105
41042998
40677489
41077945
41217511
41764947
41078405
40696226
40991722
41168061
41200384
41572654
40845906
41027904
40894940
40983799
41158192
40913675
41821379
41042220
41021150
40680361
40958772
41657385
41951387
41258353
40970644
40937230
40749492
40979752
41174824
40923243
41173944
41658442
41118692
41312683
41544916
41353811
41313934
41050031
40902359
41248920
40757552
40898431
40878984
41025895
40778752
41022119
41231636
40755979
41143509
41686687
40997050
40921986
40823248
41001329
41102540
40925227
41212526
41625023
40878077
40956838
41565961
41400654
40928654
40791171
41113827
40765371
40939525
41228856
40943923
41118926
41624062
41515845
41548428
41149144
41675140
41028574
41766663
40990313
40789888
40977760
41063506
40992861
41010394
40817085
40937715
41466034
41511260
41432841
41451276
40841141
40914742
40849888
40955480
41080599
40962172
41236436
41806023
40995696
40738377
41268607
41741089
40884184
40962032
40917296
40838029
40897653
41135719
41124986
41031079
40730596
41021409
40872366
41048120
41356520
41329449
40844863
40996663
40848038
41301375
40792453
40984299
40843150
41165304
40793765
41044004
40764428
41127564
40835716
40964266
40992058
40760567
41067813
41048015
40957513
41065859
40640878
41175799
40892407
40845019
41155741
41753313
41091969
40867861
40751809
41078373
41063967
41007388
40910141
40963024
40747621
41018569
41746840
41546220
41550941
41111862
41750081
40814833
41036970
41129355
40827800
41149865
41788083
41125056
40772875
41552033
41524980
40780549
40848789
41097013
40795958
40960764
41115518
41017541
40889808
40948549
41147290
40838069
41440104
41746007
41557447
42905903
40819888
40874924
40961790
41036442
40885985
41111336
40792968
41035820
40917354
41021083
41127044
41836119
41092770
40773621
40796023
41064785
41045350
41055709
41082219
41667568
40880078
41110358
40995669
41261837
41386114
42069890
40941205
40794386
40905326
41165353
41132259
40886500
40922559
41343814
41443664
40896961
40952356
40834862
41034232
40811216
40931125
41084260
41036086
41068517
41297989
41661345
41712915
41088070
41235421
41590830
41010592
41873610
40853131
40780573
40911112
41137765
40841419
41061387
40990223
41437256
41473316
40980665
40837491
40949145
41109631
40688364
40969253
40984503
41078272
40839760
41069849
41614169
41755400
41392084
41457560
41461428
40932297
41814401
40993493
40815924
40988604
41055833
40960821
41056284
41456567
41423255
41481304
41487618
41118903
41725933
41296112
41442891
40782702
40977698
41067228
41254847
41664671
41467754
41404362
41474838
41555792
40915189
40757316
40906351
40883217
40948783
40950604
41090013
40856054
41148164
41351371
41552776
41387721
41482801
41334529
41382140
41931671
40990668
40832615
40971630
41121506
41062896
40783410
40893272
41022868
40850699
41541370
41487737
40919260
41873493
40938307
40860538
40926576
41138849
40838075
41191520
41356837
42029692
41897411
41846821
41530578
41851195
40880661
40933802
40856474
40976655
41058270
40939283
40955483
41591579
41996113
41858430
41889618
41693883
41763237
41785951
40920227
40821077
40981224
41104408
40840133
41037250
41042060
41265135
41518109
41450473
41522852
40811874
40975787
40985395
40787567
40931463
41353289
41631058
41135462
40823847
41514947
42037645
41347116
41015714
40861188
40872650
40982410
40815410
40951932
41118349
41174295
40733554
40997458
40912157
41434278
41454265
41400342
41364564
40950272
40917168
40878716
41035996
41055493
40850632
41099367
40905026
41599802
41947759
41773214
41514471
40932609
40818630
41046897
40812480
40968898
41113164
41017060
41110660
40813525
41074285
40816700
40805760
40903247
41090624
40810419
41136172
40733683
40995193
41105563
40763250
41047061
40883510
41126743
40892236
41047423
41355801
41472315
40907194
41771405
40946740
40970675
41049385
40935571
41103944
41586507
41651752
41670878
40917117
41103313
40845831
40876950
40779594
40904411
41129213
40991410
40862393
40915555
41018230
41450766
41448604
41145564
40943798
40657220
41052236
40897299
40839127
40924604
41126691
41045267
41105312
41685691
41007744
41379404
41513431
41015649
40856746
41780391
41120921
40806630
40955464
41150277
40813174
41216744
40754811
41047701
41014767
41350850
41534812
40776343
41782535
41035468
40870076
41043977
41113642
40934449
41091318
40840339
41397012
41412673
40824128
41068283
40891386
40976719
41083864
40646118
40987000
41105094
40878061
41042263
40973012
41432552
41463799
41584681
41711603
41563962
40922639
43951900
43671364
40850553
41269642
40784246
40912892
40951955
40986593
40908242
40970242
41068560
41005207
41846216
40987644
40808223
40997532
41056466
41038321
40946587
40873907
40944062
41516444
41536744
41351122
42443111
40899861
40960295
40739603
40943334
41096367
41112837
40944125
40778707
41012687
41043786
41375559
41695172
41746890
40837321
41094502
40642579
41087299
41010482
40882316
41102850
40955145
40870735
41271042
41650279
41466938
41329797
40853836
41016377
40821474
40943197
41081793
40799894
41516103
41638486
40938771
40940151
41331109
41636784
40899193
40871620
40967504
40709841
41195409
40955972
41039722
40737194
40857133
41382733
41747599
41061778
41225231
41534792
41849384
40998207
40771293
40980454
41030136
40855283
41171668
41413511
41437576
41487553
41870764
41546956
40763357
42042573
41909178
40776764
40898906
41153513
40874461
41071419
40791255
41506503
41619729
41241305
41563521
40884754
40966029
40822264
40914801
41177052
40947122
40867520
41193443
41591896
41540718
41447890
41390871
41430086
40875907
40939809
40849766
40874862
41096379
41090400
40795357
41121810
41225680
41649138
41448065
41834423
41698513
41696611
40867214
40949721
40825985
40941837
41066515
40944902
41042589
40753095
41171687
41375376
41712880
41642968
42009488
40760941
41048600
40766492
40933154
41148325
40799650
41037603
40868180
40976867
41537981
41415465
41268215
41562497
40960185
40948614
40866937
40943144
41129859
40782687
40963482
40966839
41613314
41957764
41548811
41677006
41859305
41062482
41056723
40828920
40804121
41181492
40735650
41080800
41032558
40840661
41473912
41520100
41406383
42468453
40812867
41087262
40807037
41079638
40977453
40811024
41066413
40954198
41234724
41811868
40864336
41383008
42451754
40988708
40941778
40759469
41002012
41073069
41003757
41167159
41665381
40917891
41461522
41485027
41064894
40823502
41010409
40774759
40884769
40929856
41136740
41056737
40770151
40897242
41494346
41597202
40973620
41372526
41454452
40820660
41059036
40750466
40968613
41092721
41129871
40838624
40895843
41098972
41331818
41726792
41668722
41778402
41136013
40785594
40832543
41015933
41000224
41114442
40810851
40954065
41151214
41248734
41507717
41416443
42276057
40957345
41049952
40804844
41067175
41972857
40887922
41006871
40930734
40915475
40969569
41194960
41185722
41477669
40870539
41142219
40709101
40940242
41164451
40921336
41018294
40867835
41047152
40933362
41329422
41522790
40885341
40865203
41307058
41471793
41026500
41089583
40815356
41071829
40798143
41058995
40895359
41082038
41414874
41398463
40957930
40948732
40848923
40992636
41193040
40889261
40976088
41206580
41716426
41364500
41443723
41019733
40867400
40985888
41989807
40805032
40969966
41068485
40890615
41036995
40832465
41565696
41478850
40881247
41584462
42179299
41021114
40948836
40822154
40957315
41119706
40817699
41384814
41796831
41245619
41960444
41519171
40963519
41950946
40740612
40985771
40874430
41025417
41046397
40826055
41508159
41585748
41445660
41408759
41420943
41548567
40809282
40948960
40909526
40825949
40957511
41592734
41775526
42019060
41657140
41400447
41500920
41016633
40894850
40851688
40939285
40955487
40816050
40867507
41208200
40790330
41305006
40679818
41617974
41490501
40842480
41343159
41771227
41619300
40924120
40799081
41068396
41181242
40784333
41106811
41288628
41462439
41621423
42097274
41226689
41730522
40992530
41078084
40642362
41004353
41138790
40865287
41108473
40668561
41643416
41972656
41812869
41680941
41783417
40860973
40998566
40854120
40951396
41058691
41584136
41502841
41415303
41723463
41559107
41608923
41454018
41676623
41010499
40876983
40841485
40909896
41202416
40989158
40905248
41419840
41445702
40942854
41017105
40951690
41935813
40779490
40996816
40832371
40938836
41118066
40884632
41079484
41114352
40818635
41343218
41477857
41399265
41436869
40867008
40969945
40945719
40798597
41148757
40837210
41243197
40720710
41598140
41390614
41359112
41419298
41879378
40995567
40953638
40774613
40896008
41140815
40912037
41111270
41377307
41537044
41200058
41659879
41325067
41475525
41912211
41045673
40740791
40947585
41218082
40912629
41048233
40854440
40845504
41129367
41292188
41438308
41009006
40774398
40934364
40938061
40985611
41039064
41008323
40993357
40883888
40940775
41490538
41425534
40889178
40896151
40948981
40934394
40772203
41033634
40999561
40911744
40913528
41096447
40984113
41332528
41499669
41480772
41465654
40736087
40901845
41013699
40804699
42158108
40911052
41321999
41788120
41326017
41498145
40963704
40888450
41149118
42628208
40941381
40876750
40949389
41226309
40825753
41019835
40756499
41324577
41111070
41568924
40985879
41853769
40879976
40931597
41001668
40880467
41154121
40971652
41499171
41770441
41556361
42034885
41285502
41491947
41887214
40880318
40837508
41064602
41120041
40796610
41000511
41183921
41717173
41405215
41518261
40778015
41333748
41539722
41955267
41042471
40749640
40964703
41074681
41061459
41316044
41521457
40994910
41032953
40869310
41309803
41550536
40864203
41819230
40903850
40978071
41112217
40812576
41012336
41473257
41452109
40858002
40998220
41031923
40969104
40930270
40810130
40863713
41010943
41092070
40931683
41015201
41376273
41452679
41088232
41312022
41431622
40856051
41239024
41756513
40644534
41008583
42097226
40865349
41077395
40854067
40955461
41509471
41422836
41358522
41642706
41984109
40880388
40742292
40981772
41118123
41066714
41342181
41474715
40997262
41481752
41787597
41549621
41786345
40912232
40978788
40793425
40940956
41060736
40979882
40994860
40863859
41010609
41147933
40851486
41332937
41537479
40834924
40950375
40876143
40911772
41140187
41151920
40685829
41418573
41510170
41515008
41429305
41018658
40957181
41667901
41013448
40917134
40888830
41012698
40913236
41090577
41445304
41549995
41318924
41495751
40850568
40977138
40926582
40908859
40857661
40966239
41109252
40786235
41086512
41004646
40841823
41415290
41496207
41686840
41110228
41075591
40934350
40726293
41037347
41035965
40860739
40953818
40990288
40955511
41118582
41523218
41759000
41371487
41884820
41061564
40762691
41055726
40999288
40781481
41161188
40830445
40968660
41054433
41325533
41615127
40938702
40821017
40941748
40815126
40939053
41173221
41156891
41930650
41688559
41109007
40998107
41179363
41549231
41946411
40912842
40975143
40709976
41044629
41125243
41218891
41597888
40903469
40920721
41050790
41091859
41294576
41460214
40816903
40945328
40833864
40987349
41115203
41159176
40954527
40708556
40996004
41481754
41786479
41541618
40879003
40935743
40945533
40833907
40914342
42163754
40985499
41052446
40848728
41398017
41760112
41691128
41309048
42492271
40796667
40953908
40913241
40960670
41130225
40961071
40982432
40972944
41491647
41646754
41672523
40901130
40926438
40971244
40948801
40788885
41014988
41054644
41268271
41722893
40809405
41023714
41438639
41516678
41275967
41437868
40789526
41015869
40941888
40898275
41154885
40885681
41234338
41738744
40875020
41498648
41444983
41397533
41631000
40682896
40994531
40818184
41013738
41022596
41137495
40742931
41037895
41381102
41551808
41183765
41721493
40798296
40952722
40915981
40894401
40883239
41139109
40894599
41028567
40931133
41501846
41471969
41150373
41673637
40940110
43102529
44706701
40905805
40932077
41089737
40847964
40972896
40845179
40991960
40935281
41007512
40994534
41015565
40922768
40928950
40864476
40919461
41123312
40945701
40969590
40785218
41706681
41912697
41485578
41368043
41409713
40801950
41113696
40782173
40919344
41221531
40870501
41089770
41262371
41624014
41289041
41540674
41442805
41275837
41016200
40973127
40829151
40967827
41183602
40826090
41104010
40794518
40995814
40908867
41360211
41594831
41850379
41022855
40820207
40827362
40978561
41058463
41255019
40814407
40834395
41072000
41593278
41645165
41570353
40851137
41028206
40792706
41870058
40999944
41198043
40931845
40888452
40854055
41060720
40829890
41052003
41474896
41150843
41104975
40966801
40824477
41097463
40954297
40930923
41001777
40823517
40998894
40931633
40851078
41149852
40862972
40946714
40924213
40817408
41050194
41047589
41004446
41189952
41593904
41729836
41795750
41952251
41393932
40801688
40867514
41126950
40781990
40956474
40986573
40875308
41052179
41457373
41460240
41388540
41754593
41760053
40743289
41094011
40830717
40779779
40970635
41056509
40949853
40946740
40885301
41058302
41379546
41520327
41412982
41424614
41868784
40981566
40882586
40925368
41076336
41127774
40959263
40882366
41289344
41525718
41183434
41771220
41852285
40989734
40785503
41080978
40762920
41069106
40941412
40940850
40868010
41518166
41691648
41189357
41578412
40855146
41920927
40845508
40886806
41091910
42034856
41151334
41514950
41717877
41538837
41223504
41564889
40964550
41845757
40866200
41070271
40768122
40969058
41088727
40927357
41054391
41231580
41612268
40999566
41475558
41881624
41535002
42700483
41961248
40875938
40975330
41112081
40875397
41051838
40943572
40920667
41700671
41908640
41284043
40880311
42112109
40870601
40744440
40980683
41109659
40952108
40969993
41030106
41369787
41486802
41319721
41407590
40968369
41844437
41027673
40777013
40949763
41171588
41032264
40736619
41127798
41545488
41987803
41701627
41383156
40947742
41952216
40985795
40806812
40956469
41039148
41024429
41069376
41059866
41871392
41415769
41401692
40794450
40843644
41062543
40948555
40733821
41011810
41034472
40934510
40909672
41210268
40725650
41497047
41487759
40945391
41001849
40767740
40936173
40955149
40983273
41118883
40920142
40959398
40905815
40905424
41491507
41436191
41535911
41377508
41029883
41672024
41020297
40840743
41114117
41008064
41056757
40681138
41168340
40700002
41722432
41550212
41670443
41277901
41711811
40724761
40949852
41242533
41002804
40792370
41115460
40885679
41010719
41345139
41470560
40798975
41102307
40838342
40798967
41030580
41094311
41077669
40919076
40765583
41004630
40871847
41540887
41574622
41703999
42772175
41035840
40945848
40964402
41040538
40882736
41042984
40843642
40947651
41091355
41226986
41685978
40999934
41017097
40709187
40849115
40999583
40943065
41104213
40998000
41124362
41297964
41438314
41547433
41991443
41205207
40903058
40972271
40880996
40851530
41111267
41050731
41069046
40708706
41022838
40873082
41041266
41410713
41331152
41899119
41042709
40762030
42173464
40891118
40844639
41090491
40977043
41048319
40953478
41270927
41555119
41791113
42077611
40905246
40791427
40946465
41116330
40907039
41190161
40730161
41109068
41522580
41844667
41398092
40755702
40884589
41124829
40803203
41054174
41008736
41056628
40968188
40881824
40884989
41043493
40937811
40994519
41729036
40810106
41038844
41129708
40989700
40939634
40871434
41124751
40717130
41587707
41953951
41843778
41573410
40756586
40963864
40983130
40740796
41022376
41096327
41292191
41492555
42105440
40893769
41375982
41478961
41244059
41594461
40988621
40908528
40788647
41078372
41084337
40928468
40931504
40843445
40953847
41049721
41211541
41725445
41102392
42684461
41000877
40848214
40878462
41225417
40990277
41160312
41608050
41569636
42002465
41796831
41738991
41649600
40938267
41078525
40687610
41017922
41112995
40838207
41291477
40769916
40888484
41486259
41543698
40759979
41950308
40919684
40987004
40825814
41286477
40827737
41065222
41107885
41694849
41627790
41811292
42029600
41401948
40869277
40833861
41029206
40793656
40947841
41113127
40843110
41159927
40846726
41031140
41386792
41513393
41314763
41552459
41862473
40957529
40785659
40998478
41109892
40987125
40874741
41441857
41491140
41477325
41458359
40894329
41120595
40730337
40894711
40883260
40923286
41380762
41692591
40960647
40837872
41171793
40909009
41018579
41214153
41539166
40943094
40834937
41030011
41180950
40720819
41164229
41242416
41446818
40980326
40957211
41461209
41702511
40722756
41944616
41059389
40686956
40961832
41170714
40865287
41153561
41731537
40902488
40955581
41580549
41499973
41851829
41944545
40945221
40871197
41222302
40784804
41024413
40950011
40864816
40987784
41402910
41501910
41359818
41556746
40924845
40988987
40738449
41003835
41196295
40811117
40873205
40871902
41044305
41510937
41380107
41151358
40771090
40956175
40885058
40839542
40942719
41066085
41010408
41240810
41619528
41064524
41371753
41427871
41354341
41568620
40881313
40965244
40929186
40791290
41095275
40888748
41129168
40770400
41023156
40922844
41359488
41592697
40802744
40841888
41072930
40818254
41322569
40689366
40935421
41556290
41444436
40962942
41405812
41823881
41468220
40890313
40992981
40998000
40748242
41031773
41123300
40989694
40839757
41012439
40852589
40991158
41472588
41440688
40965798
40916854
40886827
40810241
40976310
41134634
41084417
40742463
40989537
41187375
42057823
41598965
41144483
41015716
42537312
43732401
41179239
40827507
41088215
40965321
40945721
40837617
40989225
41031407
41067364
40925394
40806826
40918179
40957887
40810678
41019936
40975914
41041107
41390587
41531227
41185956
41715148
41339690
41592364
40780938
41978984
40942940
40823510
40996794
41171466
40887765
40905637
41088308
41332997
41543080
41101202
41779312
41684911
41059976
40941108
40858891
40854282
41052793
41316027
41847495
41271411
41637914
41358809
41933090
41636882
41680545
40942271
40911782
40765050
40968592
41103530
40836849
41110904
40954975
41485221
41656891
41713630
40970197
40701031
41088824
40907807
40808258
40961349
41184407
40905383
40985897
41050951
40938386
41309927
41500553
41177785
41583001
41106649
40772237
40792809
40972621
41116777
40876758
41057673
41403517
41460205
41538097
41504483
41331411
41356079
40941925
40983404
40830651
40898663
41060322
40967454
41049381
40828257
41627819
41413919
41357352
41438497
41911754
40929010
40915083
40802890
40993403
41210730
41012600
40764586
41059882
41291117
41549131
41334990
41443419
41025457
40898936
40953008
40769036
41041028
41138084
40882135
41297840
41514354
41111172
41365990
41452476
41150116
42682062
40953690
40937469
40795387
41239227
40931307
40921428
41121714
41551618
41050758
41501644
41527823
40874000
40887215
40912604
40998749
40695228
40983720
41058093
40942260
41000903
40873548
41036321
41382485
41572138
41216085
42545192
41010492
40819305
40899498
41008158
41100766
40855397
41022196
40866478
40939709
40966610
41253019
41233552
42553902
40790452
40823826
40922756
40938555
41075269
40929869
40985866
41041193
40837252
41534046
41483311
41434837
41264932
40948115
40910843
40829931
41959686
41237782
40975298
41020546
40696534
41168278
41211893
41588964
41014935
40800815
41916472
40818749
40902060
40942575
41211833
40953768
40935081
40846772
40905235
41037779
41380024
41578124
40832314
40845851
40935224
40954350
41117935
40940214
40992905
40905417
40880920
40944352
40933331
41770485
41554982
41541597
41869736
41007253
40797770
40995190
41037829
41051839
40980601
41345831
41501129
40927670
41479176
41420445
41808400
40997226
40896141
40822302
40936308
41173583
40804276
41021673
41520969
41472886
41447059
41689071
41621180
41068382
40722619
40962549
40841568
40941828
41008098
41172351
40920469
40899418
41049536
40752196
41424286
41722929
40858342
41817430
40903317
40831220
40958444
41124863
41127607
40910332
40769723
41095997
40925269
40957883
40980726
41074306
40675842
40984253
40780372
41011976
41222950
41083233
41757155
40799980
41042818
41428467
41464315
41041735
40830380
41047537
40739035
40864797
41042096
41009364
40881539
40999585
41105138
41594295
41615225
41588744
41246659
42541901
40881569
41076101
40795965
40962634
41095548
40863734
41025614
41862030
41076374
40893024
41433629
41393491
40931326
41014796
41883331
40670286
41112864
40980951
40974098
40988004
40837647
40947849
40936296
40991521
41550674
41469057
40728247
41100030
40817918
40996301
41229327
41036972
40738009
40874138
40992066
41512030
41459942
41016693
40838522
40786521
40964101
40800406
41002166
41057732
41017133
40925677
41007344
41300605
41634027
40969240
41617394
41197199
40950725
40827600
40946227
40861878
41029589
41078844
40985333
40847942
40920951
41350334
41613259
40890822
41028017
40862649
40875524
40859834
40980705
40963603
41080327
40887627
41024980
40911053
40810901
41258187
41267194
41503688
40864102
40987719
40743302
40979305
41344827
40816794
41044449
40719828
41074759
41136496
41902284
41211973
41344535
41136978
40813066
40846801
40901174
41188777
40997911
40898470
40929770
40826643
41181212
41274452
41611117
40698898
41248293
40778943
40777643
41326302
40834239
40804011
41169822
40682197
40970410
41122352
40900576
40846364
41081083
42852228
40957415
40680276
41000478
41087745
40842445
41056896
41000347
40947587
41321112
41589607
41380497
41357344
40974210
40930145
40828891
40961355
40945856
41123575
40962427
40822409
41016721
41440243
41457927
41509176
41342355
41787769
41173542
40779126
40948361
41125499
41020689
41070365
40735692
41231704
41731733
41672671
41308073
40795199
40835807
40918535
40899437
41030591
41172112
41052260
40809276
40944856
41084183
40806841
41365632
41677961
40805549
40935568
40719674
40929596
41033155
41004039
40872046
41024137
40863751
41559457
41535601
40934307
41363561
41570337
40760294
40905552
40828325
41029610
41100266
40932484
41097060
41370164
41943022
41730403
41555799
41084086
40717592
41070038
40826271
40830018
40956391
41121425
40893690
41053748
41317856
41574225
40955311
41467382
41605937
40666887
40934320
40908430
40891479
41158339
40873134
41722270
41936902
41712893
41472382
41193837
41614934
41086353
40662669
41050923
40998573
40820662
40878473
41100671
40887352
40878384
41561355
41525696
41395497
41579048
41183309
41594057
41789341
40968648
40780659
40946876
41215280
40724950
41023533
41114868
41123815
41717443
40931657
41624195
41339849
41790845
40945514
40780958
40954644
41084482
40946177
41187620
41768845
40898816
41719500
41823769
41432369
40803513
40966095
41889546
40803694
41023065
41042110
40914657
41416409
41665856
41372714
41470512
41416128
41506622
40786521
40853219
41012897
40823663
40993860
41136535
40896303
41062732
40918837
41042354
41288214
41431029
41437300
41349273
41593770
58260948
40791811
41316581
40881816
40805659
41903213
40956150
41063493
40932885
41089985
40909550
40844627
41705569
41990683
41795731
41420309
40933106
40923217
40797215
40955069
41059047
41136487
40849685
40961711
41007038
40710540
41203624
41393710
41549377
40767128
40865086
40839987
40900114
41119352
40917346
41972472
41289110
41595870
41433046
41537196
40902299
40846532
40949520
40881800
40933399
40978906
41148542
40901578
40883432
40916135
40964540
41052607
41386337
41496699
41858834
41905342
41000187
40793441
41004746
41141460
40892893
40883275
41603627
41565593
42219077
41601472
40688090
41002675
40810014
41017963
40819893
40980281
42032700
41025055
41074301
41486953
41839388
41397200
41415195
41565132
41712655
40933481
41940602
40874399
40963501
40987066
40977389
41210153
41816286
41394777
41475513
41018565
40850755
41018335
41710623
40976727
40816429
40973971
41078221
40985805
41174424
41615972
41549364
41580403
41332077
42129867
41194393
40940958
40969153
40720857
40960517
41035902
41064918
40931872
41409626
41556681
41385362
41512265
41192171
41703973
40870424
40935658
40815550
40942191
41133779
41175881
40816962
41354411
41573933
41301782
41608048
41699906
41176904
40644443
41091130
40759654
41006449
41063677
41265885
41766043
41361758
41498611
41469435
41365215
41490065
41389933
40854736
40992109
40950479
40846651
41064679
40976640
40969907
41045272
40766367
41630644
41365858
41435021
41439519
40924001
40970410
40811755
40910907
41564850
41575651
41133895
40789683
41375337
41513191
40973436
41380816
41380787
40857965
40988044
40854448
41018632
41075481
40983836
41142390
41570932
41677156
41396649
41500509
41416519
40842226
41951754
41009376
40843768
41030509
40932108
40965813
40989218
40802731
41006270
41277462
41276247
41479459
40779235
40883987
41121793
40734519
41089402
41056506
40895638
41056909
41349283
41603818
41422832
41357446
41481243
41392012
40923754
40973801
40802003
41015109
40953782
40943182
41262334
41983116
41644197
41418223
41532712
41141773
41744559
40754951
40942701
40853520
40967669
41106134
40903338
41025511
41410572
41501583
41430400
41486454
41391995
41357639
42015851
40867429
40809588
41005735
41130824
40872528
41033397
40833263
41262016
40799339
41331548
41795078
41479733
41000825
41158797
40673787
41055128
41056485
40889212
40956581
40983304
40869815
41214236
40600708
41241369
40803538
40896917
40999503
40823207
41244283
40771415
40835411
41276394
41205429
41569347
41328805
41564467
41438335
41418217
40813207
40923940
40867473
40946483
41186485
44589681
42064448
40883012
41045735
40986131
40914952
40967855
42190690
40886910
40888695
40818838
40938158
40975361
41397448
41908698
40603898
41185422
41320331
41777078
41667987
41823136
42063628
40727426
40946025
40981944
41087357
41074060
40951987
40836154
41466222
41522932
41352404
41530466
40767913
41042059
40893575
40743696
40927551
41651749
41918019
41617433
40851524
41031288
41471834
41465752
41356494
41402773
40864591
40977137
40855833
40952110
41058872
40962209
41001353
41158064
41734400
41486904
41491804
41289275
41508146
40842629
40937220
40892073
40854872
41045938
40940076
41100123
40792673
41348469
41753868
41573893
41721547
41322721
41999239
40965346
40800621
40939527
41099833
41019121
40907403
41835344
41320999
41655190
40922613
41002918
40857429
40997407
40858812
40917264
40979423
41097210
41032975
40823774
40952352
40952333
40946122
40968864
41041215
40737730
42074214
40889292
40723824
41069197
41063828
41096469
40849505
41048918
40903238
40895254
41497427
41503170
40713034
40881898
41041925
40848143
41025864
41071902
41041615
41096150
41587975
41257531
40595951
41138031
41029403
41701141
40991079
40967945
40836301
40977204
41140025
41078126
40913299
40725671
41274433
41660982
41054111
41464977
41280145
40968095
40847073
40920092
41053810
41182870
41023934
40758955
40956175
40806316
40975712
41516870
41441133
40861081
40876341
41077898
40816565
40867013
41429702
42022159
41664074
40952396
40835602
41679694
41239957
41620367
42348364
40888784
40906659
40817328
40954603
41087918
40977626
40983839
41015700
40879598
41430095
41768454
41636921
41823109
41035398
40853168
40764198
40941057
41095022
41339711
41590754
40942300
41035408
40890970
41691135
41293403
40847437
40882045
41015642
40648566
40948493
41124200
40951269
41160821
40727579
40908967
41476354
41531562
41007587
40811441
40859682
40909739
40910550
40972389
41023146
41080095
40899568
40967520
40778959
41791128
41811228
41791550
42533736
40733582
41066301
40814849
41066532
40959084
40862109
41235986
40799390
41047634
41421982
41487810
41250062
41647315
41805780
40831551
40960718
40930961
41003580
40990836
40901936
41053805
40832662
41185099
41239564
41533960
41872469
40901796
40857161
40936383
40890255
41137209
41071462
40808318
40973353
40957806
41330479
41946951
41670943
41872589
41026656
40848945
40810552
40976100
41351037
41687875
40938357
40895094
40896277
40978897
41516667
41466272
40958318
43495956
43305831
40670294
41125046
41078479
40852483
41063229
40899505
40913051
41061674
40923561
41035284
40916307
40906628
40991541
40841453
40861772
41103636
40922760
40956574
40966825
41075614
41380889
41512953
40854379
41049794
41795205
40937679
40803382
41036941
40921748
41251873
40956745
40701686
40965201
41572748
41440223
41006020
40805074
40951576
40969320
40803152
40979810
41091453
41265881
41753277
40825164
40976315
41047372
40997656
40962158
40764990
41056248
40904818
40864601
40874330
41135119
41001203
41289185
41575595
41447219
41618317
41828660
41290718
41375751
41903323
41046810
40720383
41023637
41094192
40834576
41252486
40916071
41368130
41536852
41574393
41260583
40857188
40926301
40878529
40995475
40891764
41134881
41409808
41610704
41240945
41591868
41001365
41290260
41463211
41140282
41702430
40956901
40960409
40990816
40901174
40906264
40961330
40891215
41699215
42083163
41519601
41623450
41002398
40840658
41945668
40882028
40899832
41099626
40960679
40934728
40976539
41390633
41580127
41077061
41260062
41534990
42726468
40939469
40842594
40926745
41108633
40880265
41296785
40694690
41287998
41790323
41298729
41552936
41791344
40977814
41975227
41019552
40722515
41086180
40995938
41165403
40872252
40887058
41147277
41720860
41324960
41528652
41905896
41002924
40756751
41244717
40962897
40957445
41140468
41732142
41080461
41232092
41967063
41530655
40738056
40981843
41160325
40674993
40927740
40973306
41178310
40920736
41570732
41302447
41374088
41512743
41425867
41407651
41884456
40814773
40935105
40917240
41250801
40870040
40905518
40955853
40947439
41411840
41559732
40850031
40972697
40842016
40960042
40859418
41070335
41119810
40883286
41098387
41874799
40970965
40926932
41014188
40895148
41729270
40978549
41010541
40728269
41018707
41202530
40779376
41100394
40863018
41943542
41410327
41382515
41193933
40699674
40953732
40869350
40905901
40906510
41115502
40867016
41051702
41437651
41570990
41287504
41529719
40855435
41885622
40825067
41122658
40734883
40946571
41140722
41088042
41131154
41664198
41072592
41287625
41455487
41400571
41542043
40834485
41032735
40720688
41063915
40966628
41135716
40969765
41289611
41388089
40978675
41014031
41402396
41323284
41105026
40743612
40864134
40919017
41515024
41635634
41035080
40822896
41141205
40853993
40957223
41378159
41582793
41788868
40777508
40976249
40913380
41072003
40953436
41171836
40768211
41471330
41454378
41002372
40996879
40726801
43686381
42052786
40966241
40915274
41210209
40808248
41039792
40811735
41054690
40918270
41025935
40997330
40900454
40944751
40954330
40873655
40885778
40934822
41098046
40911777
40870869
40948229
41124196
41395315
41481351
41137150
41698267
40915535
40813670
40954551
42176695
41132081
41678890
40845291
40997251
41019856
41390256
41489969
40875951
41891379
41026790
40797961
40949532
41118466
40946467
40985922
40871371
41121794
40942217
40900318
41409034
41420306
41867975
40906479
40847786
40979000
41106593
41013865
40916369
41384365
41499549
40984269
40736643
41321498
41749779
40859821
41005431
40748248
40987487
41166220
41171109
41603499
40888247
40954603
41107227
40809454
41308422
41568612
41013296
41032944
40725813
40938152
41222047
40996193
41089803
41724531
40830055
40875484
41603208
41509170
41824254
41001596
40878619
40881956
40946239
41473741
41790338
41748158
40932152
40899028
41022024
41584715
41339853
40868209
40929777
41049879
40762625
40926432
41030841
41011495
41016184
41421532
41728913
41641765
41496767
41557454
41747558
40888700
40988301
40775894
40992229
41039580
41108172
40756004
41022708
41177344
41772176
41374503
41408116
40943576
41831259
41007808
40776715
40925621
41198194
40850909
41026936
41067524
41367842
41800250
41816543
41620316
40963305
40921654
40986599
40738593
41096201
41025995
40925383
41020545
41028170
41235546
41575741
41387589
41467813
40822104
41970437
40782368
40856839
41000479
41071925
41034804
40847404
40900165
41309390
41623052
41089969
40936775
40843356
40921517
41000999
40748894
40991852
40912519
41104337
41198617
41830141
41707805
41104508
41409011
41524544
40845250
40906136
40931666
40801056
41004838
40974219
40960052
40957606
40880239
41528022
41612303
41303331
41550885
40743105
41048672
41153332
41433031
40990850
41042819
41042882
41205462
41554113
42112252
41575042
41535937
41714800
41878665
40977136
40946677
40782471
41050116
40981355
41024247
41181537
41642524
40960775
41023454
41429785
41667071
42696195
41860312
41068822
40773615
41238798
40823702
41121022
40908695
40891451
41072751
41325875
41358027
41019649
41922974
41976366
40954274
40811177
40938224
41279007
40883809
41060187
40707520
41001395
40907283
41477899
41480223
40907004
40911973
41016353
40798835
40915049
41249590
40956488
41203461
41386844
41249000
41299247
42438013
41998951
40870012
41829074
41033197
40855586
40921031
41036983
41016155
41149559
40721418
40873099
40960597
41096077
41336359
42817300
41343933
41087962
40765253
41003719
41025581
41016316
40977439
40834595
40946903
41085229
40863782
41059920
41025744
40916574
40872850
41028810
40737751
40949186
41062415
41051813
40857681
41129013
41568886
41268801
40927816
40880044
40825769
41121267
40738052
40977661
40919439
41143621
41021919
40827284
40984435
41788799
41661137
41511708
41635606
41112422
40849377
41009354
40839999
41141307
40845279
40964337
41043810
40855617
40909844
41321533
40700762
40830010
41102122
40892880
40773843
40921795
41014696
40955091
40992973
41191144
41153132
41579790
40991812
40834740
40928730
41000398
41059061
40668100
40888644
40993485
40954891
40993935
40937838
41052779
40858905
41042910
41406748
41438369
40964559
41021548
40665066
41072549
40996672
40997695
41029044
41399165
41444441
40830564
41365891
41672830
40906639
40926558
40904114
40788282
40947628
41090462
41191097
40629797
41067829
41098017
41378165
41428812
41259337
41734208
41669795
40895559
40905619
40967257
41098009
40953571
41263968
41702709
41409316
41571477
41237627
41508085
40923955
40919506
40819855
40921440
40967417
41112327
40886581
41255251
40762052
41383647
41538564
41319493
41542732
41839724
41068193
40807332
40903827
40919567
41107317
41058683
40874523
40931029
41545840
41438934
41610113
41572290
41479682
40949445
40920519
40854262
40957951
41186189
40871635
41013087
41069525
41368711
41760090
41538907
41030522
40950438
40670401
41109523
40816621
40973822
41118541
40998981
40818104
41225757
41661653
41040621
40817603
41400682
41554247
40927995
40902145
40818225
41078905
41034289
40964165
40818314
41533127
41867601
41602581
40964135
41008771
40874072
41850437
40911925
40789601
40890054
41075891
40980818
41063036
41086530
40957915
41682595
41241329
41775211
41893470
40702965
41070310
40880706
40945942
41184437
41003771
40967413
40992211
40851460
40826723
41430934
41480139
40940601
40922847
40854707
40922908
41048218
41358184
41717763
40875087
41562375
41751359
41775975
41696483
40858023
40979757
41870457
41106300
40661787
41009744
41064289
40973937
41066746
40987463
41463025
41839721
41441204
41462956
42408191
40963848
40898652
40741211
40938800
40983846
40998975
40990259
41837434
41236031
40861942
41062308
40908973
42976552
41723496
40841683
40930483
40995350
41103267
40778553
40995159
41123887
41377512
41522091
40930455
42013715
40691596
41873786
43986242
40971112
40957036
41064763
40833870
41014647
40901620
40980361
41071926
41402391
41524716
40899355
40960993
40824723
40904228
40960773
41033796
40936066
41249890
40755230
41404416
41558664
41368947
41476716
40832087
41905118
41140429
40680648
40914334
41050416
41027844
40806499
41175968
40858417
41086196
41478730
41341996
40872395
40985373
40762907
40926320
40923754
41072350
40886814
41058334
41000181
41171600
41810608
40820928
41368308
41697129
40758718
40937361
40746184
40982688
41018387
41224232
40776652
41519629
41944854
42009560
41829713
41481357
40799027
41015182
40846898
40883629
40905782
41106928
40834505
41083804
40856457
41626174
41909448
41384132
41449004
41377577
42039598
40833612
40881596
40894500
41190327
40881586
40973340
40845056
40952712
40927244
41245684
40925742
40829537
40831711
41033519
40779589
40930862
41140434
40938977
41039350
40792846
41049647
41313777
41699818
40905102
40893159
40746277
41143549
40721348
40943446
41393258
40870666
40924369
41257349
41991449
41524023
41034270
41386417
41297937
41017810
40957514
40850107
40982553
41003090
40905293
41029231
40963946
41413209
41531826
41256918
41510956
40973124
40763161
42148300
40804302
40861409
41018570
41019082
40994766
41738665
41143733
40986029
41375257
41562888
40831854
40957796
40960441
40854007
41105338
41162609
41689109
40901127
41642370
41884465
41614556
41680062
41086262
40820262
41083076
40840841
40871640
40895596
41147960
40798751
41185636
40769425
41474449
41587014
41328920
41508674
40887432
41007543
40818139
40953198
40875919
41016901
40888854
41077887
40819612
41033232
40949871
41562889
41461324
40839379
41019625
40957817
40774556
40987203
40963510
41141451
41172659
41597377
41136192
40898735
40990621
40995120
40672130
41873306
40996572
40966374
40929705
41048162
41027070
40970874
40897682
41030046
41058362
40767803
41097446
40847887
40889327
41053092
40779158
40936889
41086506
40969180
41124581
40686838
41071787
40999669
40988178
41013808
40780548
42536651
41082699
40677372
40907051
41122797
40876162
41159038
40688162
40986825
41582849
41370232
40968580
40951007
40827160
40969193
40847620
40945107
40987236
41247178
40946328
41314285
41498710
41480595
41449836
40858099
40832560
40990574
40916091
40799706
41382026
40833581
40865965
41039678
41499070
41331188
41394390
41421480
41444126
42327813
40974384
40764951
41037004
40888500
41002838
41135253
41133930
41892206
40753069
40841058
41116917
41359334
44863501
44541232
40724304
41107549
40864374
41092331
40965807
40907466
40923497
40914770
41171063
40719757
41104294
40977902
40743331
41177756
40733361
41612963
41641455
41360588
41398208
41559949
41749544
41564498
41511768
41287978
40932996
40874052
40883240
40929097
40998072
41026274
40973564
40865185
41031125
41469808
41639153
41292407
41539040
40723445
40985518
40933749
40856691
41067646
40930172
41050712
40883432
41060542
40835590
42026878
41296605
41612302
41922036
40962533
40775214
40949058
41035223
41155203
41050815
40898031
40821824
41413141
41667958
41705021
41854747
40916837
40972965
40804781
40992814
41045012
41323218
41624325
40870168
40960411
41602365
41915253
41372603
40915645
40951875
40830571
40896479
40958456
40923812
41043782
40962776
41154023
41273353
42070363
41860890
42418783
40916487
40970602
40968588
40761720
40953858
41064592
41013855
41057247
40847916
41067468
41378525
42224549
41306786
41784655
40840622
41144665
40641119
40937798
41082859
41250570
41760349
40771421
41098487
41465634
41355893
41123817
40816847
40844460
40946377
40847245
40944193
41091656
41047451
41083599
41720333
40823820
41591555
41378075
41146881
40798463
40892834
40763306
40904296
41020889
40957459
41080566
40949804
41005650
40899227
41380462
41531080
40932230
41141463
40788855
40903575
40784807
41048815
40938091
41059914
40992717
40910178
41122105
41392552
41386824
40955125
40823473
40984803
40911934
40831177
41316099
40651572
41073412
40972078
40802662
40899079
41026592
41066979
40965606
40876724
40885812
40967710
40757837
41160339
40704214
41141112
41022454
40883839
40851597
41028868
41105645
40771955
40942072
41006295
40880825
40818183
40955197
40971338
40966097
41045751
41152165
41137357
41696191
41901654
40933545
40929648
40954726
40895602
40817172
41058304
40978231
40895071
40963754
41046573
40862820
40947452
40948626
41054719
40873020
41072022
40787636
40794990
40998872
40951510
41380285
42039601
41473173
41246357
40794540
41395733
41427245
40853042
41000545
41039068
40839636
40886637
41079346
40915051
41221309
41782678
40940309
40906266
41350168
41526807
40921865
40927796
40964006
40844857
40951753
40991589
41096159
40898921
40830730
41051483
40815412
41816552
41992301
41154972
43489336
42255677
40957162
40972503
41080208
40948056
40989505
40835962
41020576
40812847
41177167
40950431
41828317
41003032
40908952
40947264
40888432
41263312
40877842
41372522
41329950
41237031
41795663
41388844
41581072
40762531
40822315
41143171
40834789
41248804
40766109
40932057
40967956
40991050
40937870
41016058
40965921
41040677
41679061
41877081
41081363
40753695
41029934
41121691
41168481
41682759
40997734
41186004
41588017
41468937
41429633
40998745
40854518
41017161
40872774
40933442
40946847
40996943
41297581
41513584
41216233
40828821
41358909
41477545
42036239
40867424
40925445
40723217
40973939
41048953
41010359
41206394
41685114
40981293
41412571
41445884
41085322
41880248
40818722
40918032
40835674
41954093
41071628
41007092
41111574
40802691
41261091
41514277
41104971
41069234
40736593
40862295
41102697
40764457
41037852
41059885
40899286
41148124
41227697
41659847
41347787
41428373
40950585
40873057
41203562
41707769
40795618
41111686
40989761
40972448
41239711
41617568
41590324
41451497
40845545
41122266
40780379
40924405
40930718
40820104
40934075
40996665
41105763
40992849
40967967
41172103
41789567
41324966
41533496
40817953
41000001
40950757
40849804
40894990
41153637
40972489
41112328
40815858
40855544
41499181
41533786
41606828
41209374
40818915
41091578
40858420
40893368
41058845
40923945
41296772
41698113
40992038
41385964
41484424
41413477
41486888
40843132
40950568
40828724
40981858
41027486
40931824
41058895
40819596
41147296
41533238
41935209
41533949
40696710
40912024
40986278
40759340
41264701
40767697
41131055
40910833
40823686
40917535
41585088
41374553
41506498
42353082
41008000
40891576
41043569
40757428
41062794
41087983
41060962
40823695
41525644
41351660
41423438
41449056
40825219
40998451
40970247
40724887
40986076
41126187
41252169
41674270
40896336
41490678
42385946
41299470
41659111
40823426
41925352
41106029
40692776
40941823
41014072
41138762
40998954
40783189
41136036
41215068
41822145
41804731
40692194
40977502
40957123
40881107
40845319
41227583
41122994
40956572
40757120
40840460
41139362
41040425
41224398
41466793
44761340
41872172
40919762
41044622
41092845
40821082
41005909
40912008
40934180
41243144
40803277
41962065
40952165
41001680
40881771
40847344
40936876
40983815
40965161
41068108
40891999
41087757
41451222
41820834
41513574
41834391
40940934
40974768
40846342
41210862
40879847
41056546
41076616
40833728
41271658
41506461
41391490
41550425
40863827
40964601
40984218
40734118
40967095
41177109
40917871
40918362
40908904
41085692
41250780
42109549
41919065
41495259
40761279
40806757
41011852
40887773
41103078
40974359
40905877
41081605
41030657
41219240
41558101
41006692
41990152
40752784
41043484
40803822
40899066
41194261
41214252
42281460
41384858
41138877
41811218
41252804
41518265
40872804
41004388
40901561
40857055
40917652
41212176
40841446
41008335
40932720
41153385
41766583
41461938
41429335
40711156
41301691
40780038
40700395
42019178
40984731
41085013
41253177
41554956
41306310
40759348
40999530
40973860
40696538
41849001
41190216
40773404
40919477
41310126
41028917
41913364
40891312
40905941
40843512
41193504
41761925
40755923
40893838
41124460
40913645
40894710
40877947
41233070
40969192
40913176
40855835
41503047
41465927
41347950
41501765
40821218
40910629
40928254
40966768
41063564
40973190
40954256
41046021
41011886
41392054
41865115
41475896
40908517
40762616
41904390
41020310
40878820
41169939
41205827
41875806
40637907
41031133
41120284
41202902
41595096
40954406
40847009
40935558
40826198
40978123
41198916
40828233
41235376
41746968
40884482
41520673
41472932
42023820
40736066
41021825
40854034
40804298
40965938
41072263
41422355
41862591
41584937
41130805
41028328
40674689
41375596
41541453
40947062
40950739
40813636
41035021
41000114
40982442
40924981
40790221
41608965
41885725
41487952
40856940
40922145
41013851
40950489
40704729
41069287
40915123
41102771
40899380
41049189
40944838
41387080
41408629
40948055
41856610
41016487
40946884
40821203
40927947
41087934
40922747
40930061
40922708
41147098
41241901
41590581
40956011
40862912
40933969
40967824
40874625
40870728
40946021
41123762
41063738
40760806
40949919
40851470
41272589
40803138
40905575
40997472
40991130
40805974
40901758
41008232
44159365
43648043
40971221
41035625
40883734
40999977
41074550
40889685
40946053
40916406
41031908
40785725
40969969
41024104
41240278
40844167
40970399
41717495
41111252
41353135
41550715
40892370
40939992
40803079
41140829
40996402
41007481
40960712
40778823
40878865
40920985
40949171
41156559
40667740
41063099
40972315
40821585
40946665
41240509
41079401
40939902
40892932
40876010
41013172
40843829
40937830
40944823
40969550
40753835
40930865
41440605
41646239
41159796
41743157
41014155
40910797
40890217
41385079
41453811
40969640
41935145
40969089
40767281
41017852
41165257
40937828
40835264
40917962
40997775
40935896
41266090
41793594
40687119
40913854
41068402
40827678
41031901
41045066
41052180
41025979
40677369
41571117
41445718
41375630
41530669
40853087
40851494
41128517
40767754
40957789
40995233
40983608
41238730
40816357
41080014
41221696
41523485
40998849
40864770
40769859
41063141
40852797
40897425
41104341
40848950
41041620
40934214
40972768
40933502
40990924
41219091
41566098
41762215
41079263
40859100
40967848
40949915
40958653
41042282
40903156
40982888
41018267
40937611
41316178
41422894
41022866
40910279
40921551
40888948
41097728
40926800
40998899
40914978
41059786
40886164
40813673
41178966
40790078
40978820
41815048
40907484
40963333
40999701
40940499
41305739
41768439
40956970
40994082
40892195
40989012
40978771
40930359
40765291
40880612
41094184
40974634
41001494
41019290
40717409
41017828
40882337
40934497
41256604
40787205
41026835
40673496
41373551
41565972
41125793
40875396
40884852
41315119
41724595
41137267
41853923
41869736
40718873
41039259
40910360
40863944
41199196
40903929
40794569
41063093
41472721
41695510
41826441
41295460
41810341
41590859
41825961
41025093
40871327
40854365
40942512
41012349
41079738
40832974
40995145
41427606
41571392
40963503
40787577
41000536
40928537
40793398
40885473
41095048
40994064
41026245
41090849
40789480
41499816
41489285
40983653
40768039
41129905
41725679
40867281
40849829
41106299
40909941
41135646
40819498
40925943
41525736
41862040
41641128
41789982
40709628
45111624
45889328
40840519
41079006
40841050
41099347
40907800
40998622
40756198
41020587
41081291
40887089
40907007
40902781
41161676
40991601
40873792
41158482
41643601
41052236
40892891
40891377
41109557
40839227
42072136
40867222
40796966
40949570
41293288
40915143
40927698
40775476
41076914
40876931
41591023
41611090
41605851
40916266
41047488
40726292
40892040
41149364
41141849
41058440
41659183
41140317
40736932
41089689
41315252
41363144
41962446
41080362
40693388
40920064
41081193
41404364
41569662
41015297
40914965
41352505
41576796
41102575
41636791
41938290
40912930
40888935
40910545
41055576
40966965
40915895
40981874
41043913
41476924
42451027
40838217
41121091
41721253
40895318
40887713
40859969
41034325
41043824
41168742
40713599
40842235
41236191
40814804
41003916
41021861
41711586
40929784
40853327
41029715
41017814
40989247
40918272
40991682
40871592
40873084
41530329
41577618
41841386
41097476
40833490
40853998
40822089
41522794
41532413
40961025
40939314
41101926
40907421
40954723
40919215
41000861
40836155
40957899
40784195
41016762
41964484
40997845
40968819
40807199
41284587
40743476
41395160
41756062
40803733
41689375
41064725
40864059
40925779
41212089
40942239
41155449
41651202
40939475
41025118
41580456
41714764
42506595
41962239
40879549
40913466
40845814
41176549
40895139
41104121
40725043
41055558
40847447
41074033
41023357
40901542
40720074
41074946
40796851
40950566
41142015
41256775
41684657
40869300
41231557
41671782
41428044
41758047
41772797
40852679
40887747
40800898
40966388
41073542
40956268
41078644
40974711
40926079
40857649
41418575
42001507
41405521
40998820
40883519
40832770
40969785
41208434
41079495
40792955
40834594
41135593
40649909
41549108
41585087
40815638
41097961
40925590
40656352
40966638
42062294
41303646
41718453
40964705
40799858
40930000
41131535
41306452
41446421
41936222
40963413
40891605
40940739
40973602
41100015
40924678
40900743
40944417
41006295
40932855
41221680
42601300
40944838
41070939
40627738
41127038
40993940
40978832
41085910
40727020
41150743
40816021
41656455
42040092
41111619
41643932
43226051
41951212
40876977
41066071
40920791
41040012
40777598
40966439
41077523
40926523
41033218
40985476
40820770
40978152
40790742
40931051
41090059
40949047
41119113
40654561
41104767
41603683
41879496
41513652
41665143
41136237
40832703
40770954
40928178
41265654
40844045
40933688
41039922
41097342
41848273
40829088
41523732
41188187
41024372
41024723
40813266
40889424
41118704
40937065
41022708
40921766
40967173
41375508
41753584
40867962
40679480
41013592
40945782
40912168
40898581
41004945
41087164
40972623
41162158
40820230
41048089
40879724
40895025
40869595
40963186
40975159
40784833
40931395
41118294
40980469
40949268
41027290
40945241
41272070
41554823
41438549
41440052
41889556
41063949
40848155
40868565
40960490
41075923
41038620
40809191
40976391
40990348
41070673
41185873
41672930
40937968
40907800
40858826
40912330
40964157
41058299
41257031
41642452
41402932
41617003
40975170
40942939
41912600
40923811
40983907
40784343
40954481
40952205
41131932
40929932
40788542
41351381
41235781
41479409
41450975
41703871
42571067
41012112
40769304
40942598
40991253
41014037
41006029
40937308
40982625
41586015
41809103
41749418
41575844
40986252
40961815
40758355
40951936
41211564
41214972
42139777
41317529
41052941
40937890
41418613
41768195
41488428
41189964
40846494
40838570
40961254
41291840
40778152
40847847
40879627
41634308
41334972
41444563
41511863
40838769
40915066
41953972
40942018
40891821
41240992
40981393
41016069
40765720
40958449
40948612
41113870
40966165
41650570
40894978
41097367
40731674
40936517
41323733
40776922
40929474
40983068
40949402
40812100
41103658
40953902
40863688
41987468
40914536
40863297
40933100
40913054
41061188
41223288
41026362
41734833
41351014
41475565
41442813
42448945
40866425
40997756
40874228
40842499
40964532
41246084
41048854
40666440
40988578
40998426
40949976
40989952
40875892
40903586
40957299
40802962
40934456
41156853
40952080
41098451
40641122
41343602
41707501
41391414
41549618
40874050
41908708
41023196
40776653
41055268
41998882
41153337
40998478
40955876
40758387
40834313
40976366
41111525
41775441
41006154
40902655
40796731
41009651
41013307
41292545
41710820
40818072
41005834
41330517
41563305
41038446
40908005
41925591
40935588
40795270
41204625
40925879
41042955
41163666
41519351
41028096
41393348
41530121
40935277
40925219
41713965
41359544
41420451
40994693
41059217
41003490
40988882
40829224
40982680
40996308
41159248
41038509
41779370
41882920
41822384
40898368
40987319
41071110
41089444
41239273
41391535
41544280
41608893
40911322
40970487
40877107
40902246
41015343
40783428
40953385
40984203
41041655
41005374
40835257
41628373
41939639
41879064
41391757
40892267
40914901
40884783
40928066
41143218
40921814
41050550
41144643
41603984
41435271
41420181
41648812
41346812
40904742
40707543
41024662
40875726
40966109
41002279
41404131
41558038
41128711
40862340
41348926
41537588
41290734
41402218
40944969
40916755
40874082
41010185
41048638
40986198
41277477
41734316
40874765
41537467
41874977
41486301
41020304
40830751
40843044
40843614
40954217
41142369
41172739
40873111
40918980
40734545
41292708
41699780
41028590
40825720
40974778
40819038
40906396
41014714
41145626
40953286
40929890
40787318
41127232
41448277
41888835
41849358
41370879
41220299
41833999
40687365
40969597
41080912
41066282
40846753
40881129
41510757
41957415
41567618
40962876
40759824
40966422
41003813
40765796
40973415
41023101
40953338
40917879
41092285
41137561
41743756
41442858
41413923
40892080
40796225
41053970
40800394
40955041
41012661
41068097
41243014
41662039
41468818
41412951
41526218
41659404
41628465
41868897
41028652
40741081
41052187
41047760
40885920
40995148
41102224
41304383
41477966
40916157
40936535
41080061
40773883
40845881
40869678
41005969
40903502
41080623
40915615
40984589
40919032
40959652
41471493
41595862
40912980
40753384
41027602
40804943
41085615
40884565
41072768
41241413
41549804
41517473
41607145
40806638
41574905
42310656
41031660
40856002
40762252
40975492
41197959
40882061
41329502
41388905
41310746
40676986
40864137
41137934
41876353
40961876
40936567
40797371
40935465
41068922
41311838
41658013
41130239
40723780
41035997
41440116
41514949
40883114
40819542
41080845
40795998
41069664
40976054
41098097
40958109
40979489
40776300
41034044
41664006
41273035
40803092
40912112
41075615
40693411
40898375
41239260
40814022
41165289
40650578
41030227
41826990
41533545
41606605
40826126
41057520
40833210
40885981
40821245
40959854
41190086
40918012
41025729
40967978
41632125
41111355
40996814
41008908
40846947
40967318
40736214
40950485
40988259
41040007
40954123
40940976
41321940
41717048
41029889
41796351
40917803
42835217
40969452
40745471
40974432
41048665
41229331
40753307
41592170
41351797
40894609
41511934
41678827
44498514
42896115
41079363
40806140
40970053
41912705
41227358
40866245
40798544
40980794
41079504
40895040
40977869
40950416
40838591
41107287
40714111
40998340
41002105
41167123
41107167
41499482
41210597
40916321
41397897
41562874
40791101
41060569
40848431
40896183
40824505
41048435
41078604
40889018
40823723
41265152
40673715
41243331
41433835
41421884
40616445
41159569
40654207
41028107
41210588
40763458
40975816
41036324
40984833
41404520
41558355
41270242
41553877
40644149
41062874
40783176
40995875
41094625
41107900
40904249
40886184
41090627
41352672
42095868
41943917
42184920
42047727
40853531
40758912
40937453
41119523
41370637
41525974
41115795
41018438
40704155
40923037
41086519
41890935
40943766
40878670
40886046
41035431
40973292
41272889
41857681
41728024
42129073
40783858
41077383
40864342
40935088
40903499
41106017
40747940
41029031
40988923
41084296
41074058
40613480
41038178
41005856
41455018
41504624
40813235
40893740
41230538
41721381
40825298
41066842
41064870
41105408
41892799
41000496
40739614
41015855
41027628
40831681
41087844
41582064
40947405
40940480
41260325
41055663
41761368
40821361
40951673
41054809
40950952
40944147
41169831
41614856
40994655
40852602
41023871
40996989
41169772
41791596
40784030
41282038
41592625
40987271
41006278
40943858
40988733
40957343
40778640
41360709
40781215
41029302
40826122
40876809
41072605
40810291
41079127
40975539
40933578
40820330
41014854
40784071
40928798
41119585
41256558
41858517
40783790
41130156
40612131
41010346
41074269
41855360
41257651
41599859
40841912
41215160
40824249
41223626
41883525
40670111
41030948
40924821
40930813
41219008
41711003
40918580
41050964
40749074
40980960
41082755
41151898
40843065
40770355
40987233
41441956
41537820
41448048
41343286
40963227
40941434
40989377
40753823
41016009
41151788
41316804
41373416
41171888
40664592
41577256
41551798
40796366
40991391
41324450
41628685
40810092
40999567
41050634
41047901
40798370
40909482
41628977
41561387
40775515
40888614
40807047
41041748
40797277
40961044
41445975
41634788
41126020
41620379
41005478
40938931
40958919
41062357
40920626
40769325
40915185
40988966
40948870
40945113
41038412
40986372
41055495
41093598
41813732
40788662
41432700
41312860
43869523
44981220
40937218
40927709
41001622
40904134
41056557
40880548
40895056
41071626
41490531
41523936
40761800
41097937
40776892
41170757
41324042
41553011
41205383
41667973
41521753
41514356
41275648
41589232
40723397
40965743
41058021
40796699
40887954
41230582
40906279
41102084
41324643
41527303
41427680
41821888
41462538
40901339
40885830
40959492
40794916
41021191
41012112
40983327
40892092
41014718
40905648
41475125
41598468
41258877
42389530
40869739
41059765
40821347
40941857
41117737
40968038
40941689
41482315
41976087
41496453
40901500
40865842
41885773
40796159
41092770
40771370
40958100
40936218
41148885
41187571
41442350
41717019
41501154
41144617
41678434
40895179
40955455
40971145
40756143
40978989
40957599
41341106
41989241
41636603
40853047
41056560
41478480
41439445
40817671
41980386
40969522
40768877
41029337
41033134
41037803
40878327
41325667
42057674
41440358
41033796
41370443
41441580
40974051
40896763
40790088
40908054
40934475
41379100
40648605
41003979
40968100
41571250
41843493
41456038
40829154
40914037
41157765
40687011
40921631
40988129
41074164
40925518
40898356
41124020
40801821
41433845
41513709
40831167
41046912
41007647
40695877
41011774
41262065
40750281
40899068
41333433
41632078
41432543
41438545
41118441
40854883
40882857
40947241
40781502
41021073
41121125
41818105
41001675
40757697
40969885
40923735
41073504
41053936
40943514
40811921
40987928
40824775
41027395
40885653
41279221
40810438
41013178
41118460
41778329
41099243
41774663
40895763
41638580
41200098
40817242
40919448
41111447
40948505
40925138
40808854
41030242
41046833
41550932
41998852
41272327
41106687
40809526
40892335
40951731
40846890
41172045
41043275
40828274
41130936
41617631
41679869
41389733
40832762
41008861
41038347
40756393
40958894
41076140
41027867
41016656
40968503
41022667
40613871
41139902
40941701
40901484
40799308
40970598
41018660
40831201
41243772
40981258
41029571
40748921
41105358
41130405
41638682
40930791
40907096
40931412
40889150
40964325
40833044
41069668
40995295
40944056
40836971
41396586
41587373
41371959
41699128
40733351
40998812
40924911
41027897
41157540
40805590
41250947
41763183
40910813
40915083
40909750
41228373
41731962
41816123
40979686
40941202
40810250
41190953
40833054
41232812
41675142
40886767
40930392
40989333
40868462
40964337
41064709
43886002
42826436
40903120
41090358
40911837
41112701
40922867
40950529
40876450
41095778
40960601
40917505
41065972
40964637
40740507
40888131
40899161
41036717
41061493
41216522
41560603
40988613
41098286
41303971
41503053
40877370
40995757
40970810
40776025
41246570
40880005
41262691
41667830
40942405
41040182
41162970
41571012
40876879
41020225
40846801
41041417
40735828
40986790
40992381
41034923
41009334
41455552
41408862
41393493
41545956
41359757
41416187
40906226
41035345
40827075
40953697
41010276
41174002
40864927
40934631
40932045
41462816
41433039
40935933
40867171
40959639
40930443
40749695
40892671
41105148
41039723
40861911
40930074
41052247
40848375
41139276
41193709
41637272
40861892
40990859
40801726
41003994
41006009
41255047
41705834
40953658
41051607
41331855
41363044
41092806
40948197
40756018
41021889
40770856
40984127
40944530
41137503
41147692
40850200
40880477
41416519
41443278
40954311
41275358
41624999
40848386
40856321
40969419
40944692
41113625
40921017
40847124
41068089
41572588
41372705
40980501
40835241
40960040
40867203
40898302
40872442
41068631
41034155
40864527
41111372
41427822
41578901
41181438
41560956
40798522
41134086
40722655
40923179
40939884
41214982
40861411
40982305
40960793
41057949
40905548
40954870
41079092
41631653
40889056
41098909
40711653
41013956
40947399
41359179
41598560
40899795
41331797
41575936
41230873
40813258
40847376
40917871
40960423
40918272
40906608
40923252
41188371
40923523
40991632
41002875
41421850
41950796
41391231
40899236
40818771
41019346
40931798
40883515
41059354
41040437
41168834
40614678
41043232
40796358
41081215
41565707
41312279
40907451
40901089
41010360
40886561
40951777
41376343
40709341
41110993
40957849
40874669
41291030
41671881
40758235
40925346
40991214
40805788
40907381
41074212
40961106
41140139
41068822
40820966
41481868
41404407
40860731
41032662
40781570
41003266
40792832
40946868
41100204
40996422
40990491
40857266
40948891
41367839
41541380
41029147
40838641
40942069
40967899
40756844
40948462
40959031
41075767
40940195
40898615
41558525
41418725
41017165
41257084
41703432
41782795
40939685
40850645
40902843
41125733
40857005
41005392
41588711
42021686
41757448
41443954
41047353
40718610
41923186
41036972
40836378
40980292
40992987
42900614
42047004
40842518
40932671
40933153
40978760
40937381
41037794
41063784
40831939
40922824
40910339
40940124
40983491
41310098
41579536
41400021
41495425
42225968
41070959
41647336
40918756
41025841
40805989
40929886
41077561
40976897
41186220
41551762
41094924
41641646
41332782
41390322
41465987
40891984
41817012
40903005
40941209
41066910
40853931
40975295
40900211
41000904
41556432
41501256
41137637
41565088
42163980
41842632
40769570
40994933
40930539
41006496
41230255
41637698
40981187
41254270
41716561
40979383
40816661
40996836
40912184
40900081
40906853
41479906
41575820
40985875
40999743
41282536
41569808
41243772
41902368
41691823
40847289
40862037
40956389
40948834
41062534
41004070
40875203
41574256
41358662
40922224
41404541
41463033
40992198
40913377
40993781
40780591
41916415
41121658
40874673
41029680
40745905
41309409
41205237
41771287
41736499
41973816
40790521
40954706
40795029
41005184
41052976
41061011
41063965
41230938
41439749
41395334
41489925
40985896
40894801
42064130
40855155
40798347
40941862
40954788
41265163
41045863
41553477
41318788
41817154
41336762
41591201
40810961
41938057
40836590
40996486
40872670
41087522
41100778
41130265
40823613
40982592
41432806
41886438
41945042
41310311
40930401
41068897
40697862
41028650
41146457
40943505
41081763
41263692
41469167
41456311
41498934
41883874
41838487
41907559
41038278
40806331
41130536
41079939
40870967
40967392
41960942
40845368
41542418
41699500
41639164
40903249
40961922
40860236
41036204
40781746
41059829
41138411
40949047
40844296
40965068
41495839
41488615
41012368
40949348
41730389
41029001
40746268
41002129
41075259
41008942
40984506
40803678
40903290
41094678
40966712
40984526
40959157
40925172
41110428
40786305
40890335
41009153
40944949
40910474
40920172
40939980
40966982
41204479
40713776
41958438
41062155
41039671
40883261
40885796
40947014
40982272
40985909
40910523
40909152
40902669
41076213
40902508
40823868
41077475
40951553
40887019
41042207
40829690
41085681
40917717
40880066
41101060
40873553
41070622
40824810
40840340
41936877
41003774
41014264
40976991
40915204
40987062
40913350
40916476
41028862
40906246
41048530
40789071
40994897
41008032
40980980
40907970
40919272
40929190
40962244
40915103
41120828
40873674
41019855
41597777
42225842
41813791
41117783
41130989
41022199
40816214
41035657
40937506
40946655
40816093
41125178
40962064
40917328
40879095
41066074
40871731
40841543
41105420
40840089
40944560
41026709
40945882
41749007
41059762
41156137
40739066
40971151
40957255
40907821
40915996
40985540
40914724
40971252
40938119
41018864
40900155
40928621
41241572
41748827
41113355
41614519
40971664
40939821
40862593
40978808
40955972
40993335
40996801
40903873
41190765
41875451
41651270
40987754
40930715
40848527
41053671
40839129
40962627
40882972
41112505
40759165
41251080
40938710
41042370
40782760
41204541
40634956
40946575
41903756
41113426
40955653
40890587
40894575
41121211
40796126
40873495
40943771
41311537
40573318
40983597
41069552
40846163
40998205
40806126
41404126
40577827
41430115
41907202
40765758
40722144
40951656
41180014
40883435
40945113
41151029
40797069
40861021
41321857
40688520
41282402
40624528
40945024
40906118
40934834
40931237
41003966
41080424
40883645
40895078
40902241
41019677
41017092
40991333
40689221
41076025
40925275
40972778
41239439
40631320
41028915
41910349
40946026
41004738
41917042
42010482
40933512
41005711
40936788
41081246
40841314
41047421
40971776
40997254
40864760
40871453
40919435
40944690
41094692
40973761
40868198
40909296
41037741
40852307
40953702
41036198
40970032
40988737
40781621
41055547
40986692
40905899
40944194
40926479
41033796
40809194
40986123
41371515
42588263
40951136
40991885
40780437
40970774
40904896
41269359
40851986
41167181
41658707
41003085
40765590
41241776
40819754
40874960
40935756
40906931
40941448
41044527
40976856
40881433
40956287
41056009
41095505
40989360
40932410
40669184
41034818
40907954
40870252
40891021
40964352
41058643
41215325
41845005
40833912
40922341
40994921
40766813
41126163
40869250
40977878
40816418
40896253
40950536
41155289
40928183
41115423
40882816
40748801
41096336
41085124
40730533
40908425
40977237
40782222
41028356
40923466
41342499
41714645
41019549
41848462
41054235
40806352
41283766
41756696
40816779
40946399
40791902
41015241
40997839
40989551
40917433
40893349
40905108
41320677
40632264
41267276
40842389
40762365
41023147
40799757
40901391
41043477
41020560
40971116
40941841
40795919
40916552
41093872
40981556
42634484
43562318
41456390
40793876
41030313
41101255
40924165
40902775
40835587
41015581
40992540
41076458
40943602
40987197
41047042
40773007
40775890
40960557
41022074
41051203
40964492
41043585
40711799
41002186
40847973
41036341
41995386
40940789
41002968
41853383
41929640
41902077
41945911
41991098
42311524
40792584
40950548
41023147
40764139
41097660
41853594
40870654
40920821
40928445
40864304
41157414
40875383
40848432
41025049
41103792
40967823
40784559
42025905
40972711
40934448
40811139
40962652
41130044
40890702
41163139
41799518
40969035
40964625
41275124
42001468
41441892
40987219
40893880
40796862
40976037
41032104
41202312
40752419
40927041
41120997
41316292
41414289
41018500
40884200
40941120
40928397
41217260
40940460
40770632
41043658
40888880
40937162
40776144
41897920
41753851
41347884
40869844
41399591
41353263
40938556
41002008
40987309
40968444
41096000
40757838
40972901
40898658
41497491
41590458
40774652
41039720
40925921
40798136
41184631
40889088
40961850
41230739
41536896
40965087
40979855
41410193
42178128
41266026
40961610
40883029
40957433
40813506
41205028
40988675
40812022
40921815
41086349
40797357
40950460
41205850
41735900
41010515
40940408
40777939
41224245
40961070
40902437
41108921
41641138
41098223
40904330
41402770
41488284
41830882
41042116
40841428
40907198
41165843
40846007
41068508
40978404
40796203
41080359
41332470
41473788
41389565
41530255
40785933
40995146
40813935
42378707
41740310
40926131
41328088
41446013
41075881
40819369
41050722
41000867
40788158
40998683
40963454
40786146
40953564
41194140
41211372
41574190
40972140
41022630
41110529
40558964
41119776
40901607
41229287
41664484
40818827
41197435
40862933
41077865
40845298
40859214
41005287
40823326
41554702
41505097
40949248
40875236
40973535
40796224
40955931
41286587
40960560
40934670
40764633
41149955
40699318
41162568
41162215
41657400
40970820
40922307
40856110
40960751
41013071
41027799
40921035
40947115
40954840
40822144
41744969
41570553
42574955
40903280
40889905
41072847
41104868
40761016
41087164
40939630
40821303
41148372
41884707
41223005
41483706
41049301
40816935
41044682
40774572
40985418
41026808
40991450
41917001
40782761
40973325
41112843
40915503
40911186
40938137
41091382
40753282
40839621
40997282
41197697
40812546
40993113
40840339
40920634
41208598
40923249
41318088
41488717
40962084
40885306
40871079
41197667
40850230
43783739
44053378
40982434
41922982
40804842
40936635
41014966
40916327
41034373
40968029
40803659
41286347
40692045
40973457
41036036
41884669
40945943
40935142
40805774
41147131
40967935
41157471
40796645
40832826
41149103
40705863
41157851
40771910
40988334
40978537
40881059
40870028
41019436
40861611
41189482
40977694
41002114
41382332
41404345
41396851
41448569
40921146
41121611
40728337
40926706
41184965
40815301
41102167
41134705
41622524
41076726
41331395
41474599
41433252
41347165
40914634
40977424
40782861
41194183
40816874
40978678
40950342
40960244
41205353
41789045
41096093
40687006
40888474
40986011
40941437
40838979
40942317
41045435
41015089
40905385
41565346
41943122
41374850
41441526
41396844
40982874
40888464
40982144
40736081
41043011
40962536
40949112
41176626
40679102
41388215
41655469
41388706
41530879
40883124
40882162
40879036
40867303
40900237
41106576
41117414
40895106
40922470
40890308
41586205
41666012
41683651
40984811
41717649
40932960
40849458
41024178
41056496
41125431
40788984
41158122
40936106
41264679
41477156
40972946
40810163
40959040
40975202
40759666
41015079
41131693
41086002
40794366
40888142
41530631
41381313
40950582
41370484
41534447
41022413
40717086
40924004
41317629
40690823
41153395
40906802
40901440
41091634
41334053
41327498
41482347
42545462
41764679
40973549
40828951
40885761
41027903
41221487
40948189
40694824
40983286
41588673
41366764
41027392
40796559
40949372
40967627
40791630
40981664
41093509
40954764
40937689
40876803
40973580
40968590
41193662
40912161
41705116
41014147
40921228
40804083
40948550
40976085
41098169
41189445
41873389
40880570
41402213
41426571
41586576
41230354
40924275
41090583
40639699
41287282
40899799
40851855
41015228
41339545
41537804
41480946
41687543
41645231
41009398
40717488
41033725
40743258
41189134
41112517
40733439
40904296
40903806
41057480
41395932
41513017
40960644
40835404
40923534
41010841
41098091
40731191
41172193
40863557
40953392
40899739
40969922
40918053
41068273
40789817
40939384
43199239
42719658
40621710
41095496
41011574
40985323
41025962
40817498
41031312
41229613
40697069
41151472
40817851
40885852
40973609
40830847
40904425
41060789
41086448
40972629
41004962
40761032
41042813
40995033
41081779
40681950
40946498
40941108
40770180
40983359
41005041
41071248
40851074
40907404
41102477
41034638
41333844
41503739
41844576
40972539
40947851
40806289
41033106
41079744
41058124
40928114
40872517
41381225
41601879
40869190
40996284
40776482
41008068
41007607
40838181
40900350
40916551
41136595
41152966
40827529
40792884
41119461
40825687
41462491
41550801
40784388
41020151
40763330
40995483
41020441
41014720
41233682
40565897
41172854
41364262
41411082
41109443
40808524
40926210
40936249
40809326
40956399
40980675
41078963
41015512
41427134
41411844
41054527
41342542
41563225
40737367
40999151
40887947
40826651
40975835
41110684
41163017
42046064
41617449
40937363
41046023
41240684
41655993
41767178
40942723
40953303
40818747
42372641
41673918
41119392
40876063
40903166
40928424
41430782
41465768
40928244
40827681
40992799
40923095
40831440
41472881
41571633
41029719
40927094
40917884
41245985
41654863
41355608
41626817
40754961
40948985
40989623
40816340
40954204
40930371
41091247
40956428
40943876
40953613
40926582
41065880
40877037
40911193
40922905
40969996
40766848
40953302
41110605
40993842
40943085
40879693
41362450
41565292
41210938
40999683
41739886
41832364
40880504
40786024
40966637
40942543
41130725
40951629
40947885
41015944
41068436
41150291
41610306
41933560
41933699
40856247
40831089
41094967
40918968
41088484
40931481
41081182
40654858
41076952
41479218
41551372
41864505
41794011
40956981
40901956
41137558
40907986
40961489
40945239
41027186
41144454
41645094
41468985
41447815
40810029
40994574
40867159
40864031
41054130
40906727
40994402
40936250
41442876
41560573
41483952
41359397
40909711
41854918
40960769
40986930
40858703
40833514
41232452
40884069
40916987
40882157
40932877
41134044
41075087
41331481
42297079
40941633
40979416
40815279
40916905
41112611
41016237
40920540
40903849
40906325
41190040
40786163
41070369
40802966
44234634
41491440
40931803
41040191
40926597
41094855
40963335
40806074
40964115
41227405
40758679
41077242
40917246
40854515
41024061
40721971
41083736
41066363
41136045
41696145
41079537
40775273
41007911
40723284
41173478
40910352
40906936
40894442
40849117
41286265
40745506
41117391
40839387
40810871
41065071
41007529
41344025
41555675
40980038
40757379
40997048
40793330
41220588
41305003
41570702
41129183
41660996
40956922
41050543
41008820
41080672
41615089
41016678
40888962
40985248
41019844
40921794
41323570
41579108
40851321
41124224
40896163
41138654
41361602
41304632
41888464
40938396
40925532
41188289
40856990
41226079
41685085
40932194
40985147
40903992
41467444
41667028
41627173
41034903
40958617
40793970
40862482
41053400
41187135
41036255
41513074
40967863
41019985
40976821
41537028
41444571
40910204
40956963
40784270
40942627
41408139
41870181
41892259
40974759
40995638
40771738
41405976
41803201
42714393
41727254
40924291
40836292
41224636
40849558
41054732
41124737
41667560
41212434
41668843
41209007
41775688
40835571
42070866
40774673
41106893
40776696
41209650
40859066
41072145
40780405
41167228
41663392
41186697
41035675
41698781
40857393
40874013
41087516
40739556
41019475
41237473
41032891
41642682
41125639
40857092
41444520
41352325
40975811
40941204
40936273
40790595
40938387
41157901
40937999
40990579
40966644
41342526
41483437
41510538
41721004
42664187
40822776
40987333
40745656
41045144
40911848
41231152
40965892
41381171
41984831
42400440
40894034
41197977
42632517
40935083
40944309
40826885
40975320
41002372
40985740
40926076
40947817
41032119
41422660
42039696
41444672
41773194
41245550
41700825
40800273
40924332
40996841
41172870
41118475
41659275
41191295
41877375
41798543
40890177
40905145
40970180
40914032
40808351
40930244
41148212
41619138
41424103
40686255
41194552
40840501
40877323
41020757
40908312
41958651
40924393
40798410
40990410
40960832
41115471
40908823
40880347
41183571
40601892
40998484
41546178
41450634
40968998
40910135
40817316
41274878
40773532
40975392
40974097
40831604
41036538
40876862
41189773
40821775
40873504
41041377
40877825
40861071
40899524
41000539
46961351
41961858
40800034
41090022
40896689
40957177
40965691
41103498
40901329
40959130
40843599
40930144
41175155
41048152
40876100
40974229
40862214
40868666
41023433
41337628
41596676
41255631
41483559
40799051
40988457
41216134
40884486
40966537
40778281
41148374
40778161
40928982
41685890
41292761
40975061
40914326
40864608
40934622
41073320
41250912
41756003
41166449
41716947
40928772
40931668
41054333
40884286
40878075
41008224
40788912
40921080
41021910
41065774
40993108
41105871
40887713
40808551
40996614
41042009
40788493
41030778
40935054
40732795
40945196
41142061
41039794
40947819
40816496
40995991
40947187
41063792
41126052
40670836
41029626
40895088
40829883
41005588
40844711
41144558
41925570
40970252
40921008
40794264
41003567
40982245
40956877
41106865
40845302
40894878
40956586
40941968
41008497
41071787
41167422
40685074
40918203
41133437
41392334
41370722
41067730
40880460
41769610
40959732
41437131
40819623
42044028
42584817
42212040
40864620
41085554
41602939
41046890
40997666
40946246
40869108
40926369
41071818
40851945
40970484
40846574
41006201
40921038
40919385
41333582
40674334
41011462
40961447
40792570
40909616
41018545
40977688
41048505
40853167
40979251
41011262
41198241
41785170
40912501
40864119
40883206
40831226
40942069
41057110
41236425
40819934
41015320
41067550
41743540
41068903
40986334
41732679
40889628
40991594
40914055
40871924
41515051
41474474
41318544
41964576
41629762
41089913
41266453
41583182
40830104
41035770
40837158
40815206
40957839
41057310
41151372
40701937
41216167
40821367
40873268
41490724
41571099
40769447
40860794
41003689
40884919
41130502
40983569
40941419
41052150
40547862
41207039
40884718
41423365
41519300
41004429
40801108
40905619
40869911
40930177
40998018
41084503
40956598
40943052
40976305
40772523
41548135
41473251
40984782
40918364
40907774
40831177
41101477
41140140
40908526
40920629
40725543
41112918
40994210
41032835
41120634
41579816
40947500
40909457
40831998
40931920
41087980
40955045
41039387
40831697
41102258
41457581
41430570
40891933
41607090
43116762
40879740
41017143
40935337
40988210
41065678
40922523
41881075
40865322
41308896
40938604
40749340
41037653
40863640
40996364
41780693
41862209
42664543
42699109
42051564
41528407
41054436
40978140
40942291
40983701
41021594
40812481
40905761
40911651
40861377
40939355
41068945
41081449
40857488
40859641
41123110
41595976
41766618
42382832
40927433
40944085
40809365
41037054
41179427
41118831
41811011
40916842
40786831
41094986
41042133
40785370
40860905
41014299
40853068
40848432
42099747
41000754
41005753
41133317
41678338
41017066
40830074
41055319
41352591
42495278
40974242
40905379
40813154
41012005
40949436
41152325
40864703
40953935
40901443
41042225
40797232
41032555
41976050
41931424
40943472
40852770
40830326
41235356
40980275
41245966
41708926
40847359
40793234
40955597
41503422
41635926
41742200
40896433
40867827
41172175
40663436
41337993
41032345
41592472
41085136
40903117
40818384
41123551
40871957
40984002
40975146
40796362
40967238
41241849
40936591
41078324
41566533
41059868
41531995
41383581
41487931
41522779
42714891
40930550
40771073
41310099
40737419
41087662
41211269
41592252
40940629
41091228
41368792
41440290
40982390
40913617
40844264
40834314
41008069
41012126
41010453
41013720
40926192
40884872
41612922
41358181
40872609
40891534
41022607
41008209
40776846
41117028
40761384
41082261
40984213
40759510
41635115
41489284
41109395
40806781
40789509
40948915
41016896
40763028
41027185
41057824
41037817
40858391
40835136
41246227
41801426
41468254
41835149
41413579
41972925
40946462
40875403
40900983
41142749
41158319
41713385
41428379
41481951
41479937
42072348
41241918
41193014
41615277
40936292
40729003
41056261
40992500
41039819
40994324
41133850
40715447
40952744
41352100
41651366
41890707
40866637
40993241
40742360
41085318
40986147
40864714
40947073
41158989
40731309
40883930
40936472
41196382
40791111
40967101
40905102
40870697
40963052
40961301
41111347
41096190
40781223
40884071
40857261
41787577
41312536
40874203
40976680
40840899
40797045
41149563
40907215
41033138
40943587
40951051
40874702
41075531
40783396
41435292
42094108
41181503
41256187
40669039
40954336
41061924
40975276
40935031
40798576
40995146
41187716
41164111
41570020
41250887
41637972
40972302
40774883
40958114
41048147
41240077
41683659
40925632
40937445
40901506
41159080
40921504
40845458
40971219
40960739
40876609
40866167
41019212
41094857
40969727
40834748
40965108
40798047
41563940
41572135
41828147
40982842
40879814
40864605
40931363
41166266
41164369
41721022
40812164
41023591
41489337
41407498
41090118
41758844
41903683
40884453
40823607
41000235
40949559
41154702
40945631
40915453
40954668
40926584
41031937
41461252
41518001
40791725
40940191
40793538
40925433
41118754
40990436
41003453
40773731
41018200
41551175
41333847
41147229
40740957
40943457
41035563
40719677
40964587
41070522
40970369
41257371
41509286
41097893
40977713
41040443
40890655
40904171
40929290
40921174
40902898
41512191
41627201
40843836
40968454
41011288
40890645
40779692
41055973
41137189
41812007
41821466
41014022
40807436
41020877
41168700
40812195
41007961
40953377
40944229
41059379
40917116
41278952
41439060
40962884
40964338
40812276
40944729
41302137
41034962
41940023
41627554
41158661
41195341
41933392
41605130
40858183
41966595
40972042
40793420
40885205
41011639
41088617
40912136
41142912
40648921
41634918
41431415
41353536
41496321
40906376
40937967
40770154
41094379
41286017
41747614
41873636
40984836
40842505
40969308
41156227
41060924
42556268
40942045
40992942
40843377
40997181
40977893
41062878
40950431
40996781
41020406
40735638
41049863
41944323
40830130
40987412
40905635
40945021
40955411
40958396
41174042
40912127
40769925
40984788
40839298
41614398
41415425
40871009
40926195
40994456
40892330
40929592
41097334
41258164
41808331
40697084
41167128
40899654
41333219
41475621
40957124
40885407
41001691
40783289
41290827
40866178
40953148
40976682
40932898
40881430
40906267
41223938
40860228
41736775
40982563
40969679
40800042
40991280
40960092
41365690
42169776
41486274
40808068
40855389
41062618
41727807
41132302
40967344
40929290
40837005
41040726
40963566
41101023
41077686
41758205
41073258
40712164
40925884
41180897
40790554
40977544
40865048
40761398
41030255
41065563
41076666
40824840
40799953
40941194
40975220
41135196
40877673
40983326
44587587
44566246
41548543
40902751
40954299
40939172
41116021
40777911
41015978
41098337
40914253
41212466
41604731
40992724
40918661
40836314
41300926
40840440
41031620
40989907
40629495
41108266
40791846
41577059
41499468
40859799
41917021
41006259
40843388
40890948
41103266
41044393
40918822
40885238
40907540
41055885
41358017
41515910
40846232
40946886
41001431
40767820
41064282
40970161
41129828
40937397
40882893
40950462
40849409
41133384
40931436
40772040
41007683
40959429
40784194
41270429
40859949
40950432
40909164
41046607
41152372
41593931
40907318
41192038
41703752
40991863
40932999
40813158
40953439
41177078
41297691
41509399
40828419
40969028
40915567
41274998
41288614
41459162
40859438
40914604
40915275
40843628
41272642
41092838
41674495
40883212
40969370
41013545
40999708
40924133
40955594
41022151
40785116
40842955
41050506
42079114
40885589
40980121
40830435
40956515
40817879
40997223
41131071
40903383
40826976
41059273
40781198
41004818
40982304
40954060
40946736
41964854
40901900
42220997
41679124
40980761
40957497
40940885
40948359
40982555
40921868
41898146
40906288
40983187
40886210
40882923
41076797
40929994
40922340
41994462
40910647
41027391
40914244
40935746
41988220
41077628
41753108
41108849
40803592
41004237
41879511
40965132
41065665
40828750
41938614
42093963
41964434
40875680
40905358
41965647
41194343
41770250
41921121
41356164
41581488
41033193
41802853
41020799
40772842
40958299
42013288
40937780
40892783
41007634
40918713
40931517
41023034
41012644
40919725
40877925
41140469
40769506
40871041
40951476
41101876
41854182
41982279
41939807
41017864
40849149
40968439
41098259
40773694
41022102
40883796
41118277
41021480
41831709
40863948
41056809
40928031
40967306
41779518
41807703
41130801
40819894
41087228
40942359
41126773
40770208
41306960
42461340
41173173
40627263
40980653
41030399
41029807
41821089

