41474015
40687592
40864888
41079621
40957076
41064093
40935978
40946237
40995517
41945008
40858846
40896796
40868124
40974348
40995728
41118373
40804318
41021926
41943827
41020764
40898610
40976363
40952459
40893200
41044197
40771176
41074983
40863436
41233915
41675355
41205383
40753845
41049187
41777923
40996059
41005616
40949634
40808084
41063633
40961536
40925551
40806752
41157276
40818304
41194063
40809077
40933024
40898180
41958706
41947846
40991802
40971895
40844732
40940057
40894963
41034511
40975350
41098789
40857216
41599727
41408918
41533945
41706393
41545209
40915273
41571255
41816486
41502139
40886199
41157957
41064316
41773947
41027829
41809252
41290892
41626767
41313433
41544518
41454030
41356371
40923066
41434735
41518258
41437680
41476512
40949736
41451347
41785719
41606631
41329053
41564184
41295710
41491991
41292536
41542083
41360300
42139939
41898348
41858612
41597194
41290823
41410531
41460494
41887235
41516367
41497581
41745156
41505857
40908280
41453432
41479838
41421472
41671131
41218480
41594901
41265998
41603447
41386269
42016814
41890833
41286836
41749124
41813491
41709671
41651816
41267049
41603267
41298287
41652234
41399242
41491211
41466255
41331047
40843022
40971407
41026139
41895984
40771391
41164072
40791788
41149626
40901240
40857309
40954376
41132984
41528650
41792135
41790981
41630617
41104011
41276237
41581528
41608036
41983334
41677914
41521057
41267570
41649211
40809011
40872788
41025499
41339343
41442874
40933659
40865415
41015249
41089886
41368608
41619418
41413079
41421725
41529844
41947759
41886489
41903728
41954012
41409513
41562463
41409775
41246452
41597328
41842347
41406407
41525936
41359140
41486205
41352900
41484983
41468711
41995609
41890665
41546935
41783690
41501983
41391070
41318887
41584424
40885432
41269287
41776545
41298040
41543079
41400055
41449698
41438377
41833001
41649042
41349224
41946399
41331412
41246135
41839843
41831489
41535316
41227931
41412390
41660795
41319890
41518873
41308379
41484863
41421286
41967397
41382705
41511041
41978298
41921053
41934448
42078201
41856915
41905243
41733371
41600575
41434461
41465740
41488659
41583383
41234296
41979280
41886950
41484673
41347491
41425516
41639987
41596720
41623477
41392193
41489152
41385932
42087199
41412813
41313138
41529624
41347291
41671437
41399185
41977658
41759498
41617668
41360327
41455279
41323478
42031528
41441946
41037052
41419985
41900957
41908942
41551087
41265041
41559862
41287013
41468224
40954791
40938623
42638961
41324912
41563868
41371436
41622367
40969489
41250646
42080998
41751786
41619922
41250917
41561786
41383149
41549143
41366329
41507767
41340841
41826602
41694019
40801371
40944093
41495365
42004338
41344888
41100991
40811290
41439712
41471100
41356139
41489916
41340811
41453899
41513850
41565004
41819790
41421079
41941613
41846470
41601090
42368226
41981477
41497670
41791187
41292753
41657554
40856834
41522645
41843214
41595529
40774624
40879736
41008312
41319403
41372079
41145636
41160532
40869719
40964491
41579001
41248354
41438831
41543495
41296923
41569733
42107819
41689191
41076098
41266906
41579710
41400824
41789586
41604017
41413937
41461794
41450223
41704601
41654387
41484488
42053500
41689123
41444054
41086186
41263732
41618222
41300290
41554666
40858257
41300981
41627330
41405621
41487854
40919200
41537953
41963587
41527046
41312282
41376118
41432281
41417936
41359969
41642107
40820321
41601893
41999062
41895502
41959990
41718467
41574294
41403960
41452579
41352938
41578771
41365950
41434055
41153812
41888679
41799115
41420962
41446599
41324545
41584841
41414421
41969246
41851140
41481154
41345963
41443563
40929972
41536525
42079091
42038885
41617303
41552404
41321218
41576940
40802226
41022471
41317493
41530854
40892924
41011662
41451158
41437071
41645545
41861471
41800938
41335587
41011901
41384876
41534912
40873137
41420292
41418660
41178048
41805961
41950995
41361785
41435169
41500790
41868765
41528249
41318286
41467348
41335337
41673837
40737549
41478078
41680589
41739418
41149315
41824734
41383815
41941118
41641197
41725142
40906962
41359732
42003974
41468552
40941154
40989914
40856629
41469103
41447932
41306936
41610091
41427657
41846865
41489950
41354813
41507533
40962303
40900599
41019467
41524905
41756248
41932604
41751732
41722849
41049433
41389107
41354573
41536929
41816771
41449247
41008607
41363921
41465516
41093825
41239862
41548930
41276651
41565900
41679519
41910294
41685049
41565059
40931768
40904888
41366836
41563967
41504609
41779153
41980110
41578176
41532589
41437548
41355746
41932636
41670934
41685349
40903748
41569938
41953073
41365264
41102331
41412651
41481426
41232921
41486555
41026732
41410987
41510922
41017035
40666812
41061254
41050457
41354645
42004837
41912148
41851337
41546538
40878611
41478693
41974252
41932373
41500904
41681845
41054064
41642423
41418001
40642889
40888630
41018769
41102774
40793696
41595096
41524006
40884933
41387988
41571764
41236398
41558482
40906803
41329439
41707753
41389451
42024554
41951731
41831692
41977057
41977489
41926756
41484664
41296218
41473524
41441404
41815202
41647353
41256024
41562507
41363132
41414375
41447256
41578248
40850531
41335503
42105974
41847281
41511224
41322917
41519450
41366529
41402794
41725868
41292774
40942340
41176922
41832882
41771902
41353434
41676237
41807117
41443098
41980847
41336713
41571865
41571085
41706804
41294537
41663274
40902328
41372370
41950341
41364716
41410630
41482111
40900916
41452227
41472954
41390563
41459640
40904132
41386266
41619223
40809127
40869145
41559184
41927970
41882024
41471503
41352874
41443370
41428123
41541963
41260385
41583929
40859149
41552862
42012415
41427992
41366040
41968233
41930905
41861127
41458910
41355529
41586445
40850423
41027999
41313663
41625505
41292766
41484516
41090072
41922500
41908975
40747275
41728385
41968354
41161876
41237133
41672833
41420201
41415120
41413225
41518310
41415450
41573080
40867847
41335613
41560716
40989670
41399711
41470583
40965455
41028921
40938885
41671743
40998155
40883675
41116433
40857095
41672113
41520895
41908504
40797940
41167858
41721603
41012353
41471333
42004984
41869325
41837576
41402737
41527839
41938761
41979628
42056858
41605530
41593448
41321620
41586844
41812421
41286275
41654321
41289391
41640115
41378785
42025873
41745999
41486753
40960127
41100194
41164833
41529672
41431822
41537125
40818086
41403250
41517430
40801496
41611121
41290543
41622582
41631329
41667314
40937385
40962985
41389305
41611933
41783650
41400795
41774492
41668018
41039061
41753292
40874060
41069088
41330569
41544800
40817756
41436742
41533642
41368066
41394774
41555300
41815146
41388263
41761899
41986933
41495639
41691539
41331972
42080664
41870579
41449798
41240212
42239296
41828871
41816581
41492885
41362106
41601445
41315903
41539542
41403001
41445199
41549971
41966605
41762401
41474792
40980817
40891353
41544950
41587129
41649765
41387203
41655235
41386652
41435432
40882127
41459094
42421090
41424041
41460968
41375150
41442695
41592619
41250071
41606235
41402823
41453594
41912898
41752894
41608670
41440591
41397170
41464866
41559329
41355485
41403493
41514438
41854872
41922305
41439810
41336761
41588954
41249541
42082038
41486607
41360625
42051162
41389448
41180796
41873336
41699456
41158343
41804279
40980729
41247887
41562215
41863968
41205370
41778994
41340538
41555995
40831925
41023988
41375404
41417881
41438128
41502536
41481818
41773334
41647752
41237170
41520420
41877383
41581723
41389749
41538884
41808848
41459267
41407471
41480877
41499251
41334628
40976000
41360076
41581412
41353424
41422550
41322657
42212428
41894847
41912137
41395561
40971854
40727824
41021124
41031003
40963256
40783529
41670957
41413682
40950845
40933143
40975290
41377056
41457183
40937308
40844951
41625073
41809892
41747157
41719406
41909865
40920390
40766507
41103306
40805769
41080684
40854599
41650309
41861717
41469938
41366709
41532132
41483943
41888145
42137674
41245166
41333638
41599916
41464398
41300418
41435667
41421891
41367660
41552741
40790992
41209432
41148088
41586271
41171601
41646253
40911023
41543453
41525843
41301659
41972330
42011863
41783786
41512436
41514009
41824540
41631685
41276905
41420479
41393989
41693950
41685186
41554874
41338629
41399500
41394522
41076377
41001078
40771498
40976033
40973570
41556457
41762798
41539456
41336234
41440536
41508631
41950561
41852221
41433201
41438923
41522347
41483844
41453429
41478215
41351663
41414969
41550488
41213330
41563523
40908030
41390925
41441658
41411774
41467225
40975373
41028371
41270213
41584350
41330255
41617992
41368835
41551711
41112094
41721853
41295531
41745296
41804203
40935971
40858539
41422454
41793395
41652135
41183145
41255789
41962624
42035219
41352516
41304046
41653418
41377182
41417424
41084935
40730023
41562922
41470624
41393921
41442561
41612654
41407587
41232676
41500286
41490308
41865829
41445276
41012463
41394244
41853315
41699855
41816608
41543317
42020473
41686599
41613345
41338440
41465725
41339072
41524363
41364228
41532818
41356554
41546262
41508933
42039266
41962737
41636859
41631779
41420731
41544561
41871791
41331378
41651466
41788808
41317112
41536024
41483678
41880755
41543107
41402938
41510829
41317864
41509326
41288980
41660093
41928444
41693714
40953894
41573674
41818252
41553345
41352839
41369099
41463852
41556061
40892113
40724315
41276599
40943828
41201401
41513824
40961400
41505118
42136436
41997611
41581128
41563986
41041798
41833301
42046131
41202182
41608808
40772544
41510017
41514684
41240113
41673989
41268414
41487235
41381985
41671203
41223191
41539381
41381262
41445820
41410726
41533862
41454166
41500090
40889428
41582251
41917194
41816440
41836948
41574217
40865154
41376262
41652378
41421157
41856633
41472440
41031411
41555523
41657077
41528683
41035379
41252665
41636752
41861683
41101749
41612216
40988602
41507835
41415204
41003720
40943059
40874192
40898807
40967774
40884741
41741684
41351018
41324368
42101153
41920303
41920794
41973108
42005599
41375993
40829551
40841673
40872950
41164796
40805768
40929965
41138909
40964849
41505982
41416688
41362719
41509830
41490113
41462191
41822554
41289946
41752915
41887232
40707887
40993833
41074952
40789417
41517784
41379021
41015813
41603071
41370965
41291650
41570340
41313970
41502126
41477742
41565973
41881602
41330000
41538262
41468314
42015688
41874629
41782690
41975835
41487108
41336933
41478703
40855920
41395110
41507376
41595849
41868459
41949728
42028642
41511634
41698576
41392114
41582584
41373701
41951502
41981847
42223600
41585790
41418242
41438329
41464317
41452044
41845087
41572384
41227092
41648415
41406974
41956140
41814229
41517397
41548852
41361079
41382517
41503621
41373822
41453739
41165359
41779295
41431179
41422933
40922293
41500534
41869702
41518277
40991760
40669030
41715659
41966629
41945592
41701954
41547141
41396484
41378601
41321164
41540229
41385064
41539638
41357633
41905428
41618462
41603052
42033424
41128202
41428033
41797528
42108000
42002026
41926217
42181676
41512987
41629011
41332345
41523148
41432172
41922861
41457166
41001550
41059836
40683407
41466212
41504733
41284409
41558543
41362542
41980496
41578669
41373834
41440435
41333569
41707435
40886740
40912057
40870259
41427751
41607712
42251053
41455543
41415641
41349920
41579582
41576856
41282037
41965779
41876768
41471112
41306150
42380663
42531718
41260977
40807415
41061682
40955537
40997102
40936532
40948192
41010988
41221115
40914109
40770868
41125228
40750320
41092369
41031546
41249146
41673675
41477496
41752518
41504355
40971647
41432281
41407676
41104490
41050692
41800117
41282035
41594150
41485539
41746509
41545481
41450484
41964129
41742811
41632429
40931063
40781527
41086879
41444225
41818972
41667574
41296414
41550840
40981957
41742261
41369548
41609748
40944087
41415443
41370268
41568743
41666884
41686479
40814950
41408129
42095510
41866109
41669508
41670870
41350844
41535962
41419540
41513543
40868419
41496341
41439697
41302455
41543007
41475402
41479381
41333472
41663237
41791763
41430000
41614247
41687402
41467487
41409702
41537377
41420281
41472558
41736953
41554678
41453724
41936287
41440519
41363006
41468090
40924293
41402289
41470975
41488269
41805849
41481925
41517702
41351606
41393903
41574104
40929543
40976076
40947936
40996343
41364681
41827999
41534281
41519957
42364735
41361365
41516058
41542378
41827190
41471637
41306514
41570417
41282441
41648051
41281418
41439179
41565307
41524014
41449607
41984818
41858337
42001389
41387725
41392090
41629217
41750708
41110465
41243588
41451601
41530424
41347550
41618185
41300434
40982260
41309480
41506011
41322785
41366415
41250251
41752263
41146000
41845985
41746453
41431073
41646909
41313378
41531819
41299963
41519186
41473522
41886649
41453365
41536588
41984119
41715426
41586140
40976980
41443447
41793068
41665667
41296026
41508927
40815063
41021554
40995685
41176256
41628315
41434100
41524425
40832526
41468343
41562725
41833873
41536921
41761159
41538781
40981228
40774950
41391683
41717679
41780958
41388537
41971988
41856484
41591740
41314833
42021738
41927928
41886640
41321455
41113171
41201515
41677506
41327455
41531660
40812210
41043113
41410698
41491084
41285239
41537219
40950213
41319611
41640620
41358112
41960568
41924490
41907651
41523255
41312980
41491927
41292822
41809140
41816553
41242268
41506875
41581443
41744569
41503980
41360365
41442999
41346840
41563049
40874935
41010133
41354515
41526311
41037674
41903804
41299845
41450863
41392526
41611667
40896957
41357892
41436757
41435664
41523337
41299776
41536039
40976392
41295337
41683440
41295267
42029796
41545096
41756494
41424505
41446856
41362400
41898404
41671459
41267516
41605067
41787010
41365978
41526532
41275321
41591772
41434182
41478004
41589006
41710681
41501337
41278306
41536951
41182161
42375381
41694951
41471310
41473145
41967300
41348766
41069994
41505734
41760213
41639239
40851134
40947159
41378512
41527143
41484175
41888778
41938007
42046036
41761423
41527085
41512828
41829528
41883318
41474538
41377889
41570564
40790091
41530469
41994253
41554364
41702896
41444431
41490137
41300338
41609526
41346783
41430067
41364034
41645923
41289630
41538624
40938635
41503663
41448830
41416092
41839448
41466894
41324532
41588088
41289969
41509263
41455293
41415639
41464892
42027393
41830461
41435757
41187994
41716253
41411383
41448862
41466144
41855809
41488605
40790403
40945027
41134856
40706189
41187783
40920683
41437180
41855639
41499906
40918919
40974942
41538587
41770462
41525482
41559535
41505816
41245219
41551671
41357786
41510806
41366321
41543758
41274833
41451407
41459813
41503041
41453403
42159175
41710412
41900822
41916251
41488726
41167145
41736521
41418779
41756377
41674146
41228087
42057149
41485651
41293186
41561661
41483536
41854338
41606443
41305120
42040458
41346006
41420190
41503423
41176854
41600441
41422585
41839881
41438855
41494196
41919738
41608435
41870028
41027509
41805468
41311472
41577138
41228651
42190924
41266750
41459223
41508223
41223450
41646026
41427835
42034499
41928183
41510497
41205938
41498977
41351264
42074472
41718920
41595224
41418409
41540332
41943842
41781014
41591796
41353250
41429138
41501410
40930533
41292057
41459565
40934450
41570157
41897128
41979148
41321711
41403210
41619989
41284363
41727806
41781295
40859783
41573714
41797054
41589954
41412979
41453553
41479051
41927383
41768932
41538519
41402129
42458297
40999300
41393253
41903810
41508475
41371092
41474744
41536876
42064866
41831329
41881610
41412298
41004761
41379859
41448515
41432265
41460477
40805775
41731835
41677876
41568886
40973172
41229393
41632694
40901200
41622273
41646749
41574437
40881975
40930486
41439628
41464756
41541686
41771087
41542379
41392903
41512614
41373357
42014595
41883363
41392013
40945501
41386802
41390169
41671043
42071068
41652299
41545475
41301926
41641490
41846207
41356366
41656799
41233412
41467139
41074610
41928538
41542407
41920082
41876773
41759006
41636019
41461481
41919881
41301838
41027473
40791129
41038284
41394095
41471038
41451813
41508545
40879382
41364342
41501424
41448598
41428781
41421096
41502015
41359434
41549432
41321794
41529446
41601568
41824147
42086027
41244222
41380322
41455380
41421297
41460638
41491536
41291419
41091452
41363410
41481227
41456700
42033602
41702555
41469115
41615204
41321226
41347993
41591890
41410758
41412061
41183321
41634368
41490606
41546898
41449238
41933809
42012103
41702002
41600256
41436888
41492738
41393807
41411329
40948230
41420887
41466620
41286513
41450731
41509392
41541598
41245195
41488694
41457293
41450733
40819453
41175298
40862311
41422081
41400479
41003291
41376246
41841118
41636444
41472823
42009858
42155387
41840206
41639128
41661689
41179225
41711771
41205904
41594507
41377919
41531642
41274840
41536910
41017899
41393137
41498822
41287693
41454511
41044507
40897878
41477542
41605147
41841048
41301360
41513638
41521062
41826241
41554394
41343597
41451574
41359527
41806347
41709048
41073000
41245627
42008407
41864353
41646223
41775309
41298194
41672532
41253392
41547351
40864798
41350189
41659677
41289527
41625164
41292884
41614474
41315145
41451025
40834713
41512788
41516515
41431047
41377490
41147409
40748886
41375035
41433683
41524870
41496508
41369515
41573159
41193872
42254460
41708999
41555947
41318031
41402936
41505234
41801979
41644219
41281614
41564613
41369826
41451496
41346022
41568011
41349189
41627809
40885828
41126801
41763429
41420711
41922139
41384324
41430839
41406644
41033159
41458909
41440636
41420829
41460093
41307101
41621548
41333609
41456055
41395344
41432752
41406473
41503543
41158399
41722705
41455134
41917461
41861501
41480770
40841518
41057054
41548064
41797703
41910339
41543435
41254416
41559005
41331958
41574862
40963973
41378131
41474380
40829365
41527746
41846073
41565276
41361061
41458641
41363275
41484659
41445126
41419057
40895447
41408118
41628091
40889637
41377042
42083889
41863985
41881266
41445257
41413268
41531173
41292687
41426052
41417225
41369818
40996103
41014845
40985092
41846976
41005339
41011410
40917968
41411976
41523060
40845897
41387832
41498705
41286345
41545662
40845766
41437272
41618316
41300391
41715413
41748103
41451318
41942319
41757520
41652689
41258313
41509365
41550350
41929025
41585675
41744307
41496604
41820005
41505658
41508063
41946537
41990660
42075764
41585895
41492534
41354992
41553447
41410573
41592349
41265968
41545182
41915260
41405414
41415384
41591535
41850822
41870387
41557494
41173710
41771859
41787505
41319158
41681202
41320710
41375961
41609229
41734138
41490902
41459986
41482757
40908734
40937756
41042609
41579505
41690449
41589403
41238429
41499076
40893256
41202461
41772960
40953064
41324107
41597008
40912801
41378326
41483750
41410014
41920270
41938916
41480073
40934693
41390969
42071829
41836577
41862514
41470336
41411858
41399554
40997266
41405016
41415413
41450539
41551132
41305392
41542247
41321543
41469765
41401008
41438517
40883799
41074398
41050374
41625200
41056737
40941204
40834478
40897203
40975618
40937788
40967173
41006384
41561523
41548449
41201623
41617886
41369150
41659543
41702903
41560811
41817104
41603881
41380802
41955958
41936783
42006591
41892320
41424402
41574037
41808778
41872875
41508287
41417630
41881652
41486866
41083718
40676458
41405238
41488159
41531629
41457293
40926317
40986728
40921119
40768899
41613430
41426226
40921899
41260012
41729662
40875897
41073348
40917141
40759522
41221291
40892917
40864245
41107360
40734938
41121916
40985067
42020746
40949131
40787343
40945222
40972844
40679766
41077206
41007317
40961393
40986839
40971062
40803322
41191607
40879223
40754023
41208366
40737132
41036159
40930176
40876628
41039778
40805797
41118222
41093486
40848526
40925046
41043956
40938672
40761617
41072617
41191455
41613511
40950765
40880155
41055677
40776815
41112631
40953209
41187289
41942095
41765681
40759192
41194782
40912955
40830805
41031943
40920800
40878091
41172732
40921019
40828971
40901404
41030641
41059444
40900853
40919838
41030964
40773679
41021805
41039869
41020764
40867593
40898890
40960314
41075864
40716123
40886256
41160169
40932634
41081615
40769262
41114115
40815777
40770164
40998112
41037955
40915380
40916093
41253140
40549578
41108195
40834171
41118674
41112462
40588069
41023871
41095320
40842888
40952430
40954413
40997411
40957789
40906957
40976121
41080414
40893982
40882269
40984377
40736253
41138400
40970984
40889893
40951076
41014534
40997280
40847356
40816771
40926994
41066999
40814346
41250246
40932633
40804098
41089912
40863527
40814215
41128652
40847919
40931261
41066027
40843139
41260965
41752809
41384701
41466804
40825476
40974289
41062291
40868946
41036705
40916785
40798607
40988736
41043498
40985280
40823352
40905905
41062141
40794601
41589410
41471673
41494715
41818480
41500696
41545279
41865106
41456295
41343658
41483716
41561739
41725921
41636716
41245778
41505626
41414198
41493624
41710181
41828609
41765283
41697188
41207570
41567350
41302132
41607243
41421091
42025672
41739796
41597144
41327299
41517167
40939437
41007391
41112474
42136504
41597946
41389051
41531103
41285763
41856111
41695405
41375098
41960391
42152123
41172366
40909122
41404672
42027144
41612563
41276105
41859417
41757159
41742101
41159572
41662725
41501350
42138658
41734627
41624374
41794888
41401506
41657957
41709992
40874780
41440908
41455767
41453130
41680269
41412676
41937801
42141364
41554779
41536484
41482214
41453823
41350964
41571347
41418128
41971032
41915529
41475072
41336576
41503285
41190249
41935697
41794117
41266479
41548245
41364350
41824071
41731233
41216407
41577971
41369738
41792094
41679358
41488935
41877311
41496352
40894355
41325698
41580807
41415743
41559655
41247204
41490922
40890988
41195719
41259507
41520514
40844716
41341438
41466357
41655464
41900845
41718940
41730311
40759849
41524593
42018470
41344694
40883056
41399514
41575036
41416996
42050719
41961155
41762861
41517590
40841590
41034894
41343110
41529523
41332401
41430333
40896110
41340205
41608037
41517281
41868375
41385990
41540964
41833263
41583051
41305551
41460155
41346277
41572030
40869894
41577070
41878093
42005757
42020878
41897248
41863807
41807173
41809416
41728269
41443855
41302368
41456058
41387763
41530817
41973789
41855312
41524114
41279265
41531086
41395318
41558026
41397463
41578713
41847599
41286086
41486486
41317594
41559830
40831631
40995273
41424861
41601706
41260710
41550674
40917891
41504509
42053487
41903600
41224244
41506793
41506782
41390490
41902439
41613069
41872464
41203966
41642703
41303699
41537419
41468021
41481878
40906140
40921216
41029137
41742975
41396570
41608099
40945514
41533081
41744270
41610083
40864574
41604583
42236222
41088034
40872209
40969727
41362589
41516552
41551044
41705268
41456822
41154025
40775671
40852282
41026191
41356747
41657911
41267654
41502436
41405918
41538532
41510140
41789503
41910104
41455239
41547079
41895587
41674402
41630281
41307537
41687136
41244883
41598062
40900219
41589858
41750141
41540875
41416940
41988568
42051204
41461761
42108780
41596438
41438759
41513917
41269830
41530187
41313931
41651692
41446774
41428180
40983394
41373330
41428159
41006627
41255323
41497266
41409195
41640050
41261293
41594667
41441164
41937425
41889697
41549363
40788926
41701973
41535638
41598213
40933082
40779880
41022717
41651700
41350810
41368800
41661919
41354357
41483291
41462504
41495794
41225961
41480285
41608573
41820199
41429023
40849808
40994586
41527753
41880311
41959855
41843064
41546177
41608141
42173340
41470508
41519460
41371817
41612390
41912719
41819230
41441386
41484403
41471972
41497119
41807245
41343708
41546799
41382738
41505352
41366580
41451174
40721923
40943853
41160950
40896676
41519240
41424463
41474327
41360848
41372299
41580903
41359665
41538916
40936650
41276522
41559163
41586332
41902022
41918803
41824440
41520881
41635713
41850347
41799143
41496919
41445692
42067185
42004901
41821885
41841040
41465321
41496569
41831443
41453169
41480058
42172359
41708449
41444052
41435376
42001795
41309614
41535299
41476962
41345560
41635605
41226352
41405480
41507057
41927359
41995204
41809542
41476531
41350721
41543404
41502298
41740967
41506838
41487813
41963577
41926096
41746989
42077156
41590170
41768539
41475329
41454101
41333779
41497551
41326227
41567749
41375128
41445284
41564092
41744276
41630665
41286795
41535960
41455233
42047380
41799687
41944201
41476983
41317822
41469229
41536953
41326977
41035794
41341735
41453501
41000629
41457126
41830312
41894350
41417654
41338570
41620978
41415890
42000646
41375436
41551410
41818031
41967514
41855439
41634012
41791732
41355772
41635164
41322060
41862743
41452499
40886379
41042898
41394462
41468167
41425260
41420410
41435618
41493194
41459692
41928484
41797141
41479248
41546282
41889692
41982302
41839219
41527656
41319816
41618194
41414781
41348358
41408620
41627350
41365580
41932391
41650925
41720502
41413348
41499536
41476063
41784139
41529792
41473507
42335320
41284272
41760274
41221796
41567661
40846617
41008965
41047055
40827141
41386460
41412267
41507541
41600492
41456558
41279072
41416865
41399483
41384165
41574845
40951651
41229521
41527859
41394103
41553566
41508492
42067219
41834572
41797413
41551312
40897801
41195350
41816909
40863540
40981726
41014708
40879248
41381490
41448453
41469854
41841184
41514164
40884629
40874167
41058719
41407378
41452772
41484328
41478207
41308949
41570878
41379095
42055319
41967305
42226742
41493055
41982625
41886467
41462280
41022772
41309447
41506272
41319397
41525006
41344563
41678095
41798838
41377733
41876919
41431684
40950600
40753759
41096217
40942946
40937926
40888306
41155486
41540012
41827209
41437886
40849554
40952234
40921137
41172327
42659609
41003057
40921297
40962022
40788593
41145397
40876876
40985555
41858488
41062797
41804208
40899316
41958771
41055293
40814390
41017794
41868466
40900909
41223912
41750028
40924091
41141241
41792326
41995359
41921865
40981418
40997728
40885542
41975643
40941274
40912180
41043452
40867689
40905879
41108962
41750470
41211050
41716548
42227977
41516049
40810815
41051076
40969986
40855216
41077254
40767936
40964186
41072054
40881295
40998880
41905415
41076763
40794115
41171948
40778927
41087002
40683542
41180393
41805983
41007687
40768949
42072241
40981468
40824470
40959127
40974476
40970649
41004801
40827236
40899167
41046287
40902424
40970538
41102621
40952046
41375541
41604174
40952595
41347200
41450200
41457923
41471480
40920245
41385771
41471188
40955271
41846737
40834920
41061396
40902343
40872840
42650624
44351817
40755184
42122354
40897095
40994193
40946445
41903823
41892302
41078457
41789062
40937168
41944969
41016915
41024979
40910540
40950633
40890843
40943059
41805743
40975959
41032834
40977562
41014941
40879713
40865246
40942638
40912353
40841773
41117079
40823810
41086032
40890784
40910279
40840832
41069813
40877579
41002087
40992159
40936287
40966402
40917392
40842655
40977564
42190590
40939132
40897787
40763118
41164175
40883881
40935936
40900622
41041771
40833690
40880385
41117420
40792634
41169406
40697609
42145347
40826346
41990192
40849408
41947855
40878221
41058232
40961944
40759362
40984516
40945535
41488301
41415899
40807992
41072317
40941537
40900722
40975430
41074122
40900692
40965922
40937760
40943091
40803194
41066967
40803976
41059164
40757229
41149158
40910381
41142898
41330130
41391745
41881964
41098906
40724920
40980970
41421219
41639449
40937911
40863124
41440395
41503760
41065316
41347154
41346392
40952959
40966704
41942667
40889683
40977454
40774862
41210693
40714412
41202367
40891025
41427672
41606620
40767669
40933043
40886618
40879644
40914227
40963540
41174606
40889302
40896085
40876660
41142839
40967827
40980982
41760393
40999075
40850060
41004905
40863216
41139111
40839512
41003683
40856723
40964642
40964370
41016558
40859428
41056561
40971144
40792245
41061148
40781636
40966545
41172804
40885025
41866378
40995488
40842708
40991201
41949731
41031324
40921783
40880315
40898241
41043478
40941630
40976644
40894483
41066008
40779301
40842686
41015667
40938435
41107454
40931972
40816530
40954913
41056411
41123394
40719983
41031866
40874336
41033168
40990780
40840565
40984629
40972697
40966185
41001651
40850503
40858447
41097206
40929338
40947771
41444242
41576797
41767035
40995709
40989829
40927815
40956568
40869227
40873647
40956067
41004196
40911255
41524762
42805543
41384634
41203932
40911675
40899403
41969899
40979440
41927902
40976014
40979299
40776858
40982676
41033570
40879948
40896668
41011119
40821811
41210775
40833712
40913630
41060330
40895657
41072602
40912688
40896869
40979321
40860713
40787568
41022850
41056203
40891047
41007752
41065338
40743297
41148562
40768734
40831469
40942754
41028230
40983217
40875349
41039181
40948183
40864820
41010037
41023872
40765990
41083291
40865672
41040754
40946831
41004306
40828254
41029292
40895036
40800223
41039702
40925201
40995300
40886341
41967836
41009276
40984260
41116193
40903131
40757393
40963582
40909583
40958544
40881692
41108879
42001669
41855690
41883341
41002314
41012883
41969520
40759678
41232697
40852860
40945048
40993528
41017591
40871163
41049100
41791994
40996503
40809660
41169210
40775758
41085837
40994971
40808899
40853831
40951540
41030507
41008375
40894837
40900978
41337771
41584213
42067801
40977829
40990833
40663452
41115051
40763626
41145286
40702724
41049040
41022211
40856817
42156163
40744982
41081309
40723793
41073285
41900243
41067775
40938838
41033693
40776721
41019196
40958504
40796387
40982619
41032912
40926655
40838224
41021300
40931485
41057777
40934320
40921036
41042288
40937937
40768125
41036328
41029925
41032139
40785307
40998689
40916167
41070781
40968563
40844707
41127495
40855035
41068636
40630242
40968404
41713842
41784252
41514426
41433127
42011819
41380118
41092913
41754968
41044723
40840318
41078436
40811024
41074156
41549792
41539171
42003585
41538521
41574698
41988587
41405125
40740125
41006273
41288713
41725584
40929732
41482087
41353750
41343213
41536577
41481656
41893252
41538450
40905909
41834614
41112197
40919093
40968454
40995554
41513154
41681353
41590266
41330429
41552966
41422519
41451752
41180954
41519776
41469926
41544481
40965129
40881685
40952494
41043093
41557917
41862896
41780857
44273092
43061157
41109091
40730188
41033204
41005741
40894109
41023987
40934593
41094065
40869282
41138317
41690490
41141302
41105186
41316434
41935240
41537678
41220368
41504620
40988041
41375523
41542780
41351959
41408643
40923663
40968054
40870595
42073113
41420063
41524206
41192065
41548340
41475228
41516732
40992870
40981469
40905269
40971250
41259660
41567715
41442757
41508527
40914917
40914587
41384470
41478702
41452585
41480085
40947247
40871948
40922932
40768869
41778704
41784173
41398895
41468807
41444560
41531539
41804983
41419313
41057029
40842665
41432769
41531760
41292962
41594445
41076305
41751323
41267644
41655157
41197967
41586411
41050155
40744434
41127819
41527032
41355355
41370785
41550204
40869785
41341651
41540227
41621345
41232140
41082836
41213297
41525108
41487410
41704207
41738631
41480278
42001563
41981607
41275421
40906883
40964780
40984125
40741961
41058281
40990278
41377887
41628930
41431127
41741646
41598633
41315575
41461171
41207455
41635963
41050117
41068019
40761517
41605548
41362501
41390151
41383700
40952789
41163586
41758937
41315194
41470038
41112301
40940165
41132649
41666308
41346320
41564341
41423253
41449721
41365606
41557940
41376448
41381255
40891306
41104598
40864957
41348956
41430225
41538486
41706611
41851770
41813631
41424283
41993990
41283477
40908507
40840442
41644258
41825381
41622599
41277295
41458197
41096573
41304987
41559784
41348816
41270683
41590550
41561357
41188462
41732712
41462275
41502871
41328348
41439753
41295077
41602412
41399409
41281283
41757938
41436557
41060898
41861609
41200494
41552942
41398187
41859465
41477203
41521605
41880011
41301411
41592054
41673394
41731438
40828492
41351852
42037492
41441418
41413336
41474407
41478626
41936375
42277744
41129144
40767409
40954953
41538837
41492871
40921503
42060965
40732285
41516125
41915667
41855770
42378809
40988114
40951147
41521064
41446156
41406193
41470480
40952469
40991172
41315806
41456725
41754582
41034782
41034019
41325745
41633390
41009323
41218969
41594097
41566086
42602652
41664387
41876388
41011048
41043236
40805471
40850012
40847458
41094421
41404971
41632779
41431281
41397557
40944175
40853920
40900564
41062143
41000477
40746032
40852737
41760974
41835133
41438443
41451618
41947327
41467255
41165653
42128120
41608566
41826996
40695288
41562231
41729578
41774620
41196970
41723275
41248164
41584631
41358247
41526805
40902690
41104470
41684535
41421432
41722775
41220942
41461196
41500768
41505247
41384756
41434597
41333140
41438774
41229520
41777236
41328893
41519081
41933323
40995149
41449324
41903268
41944633
41533557
41267280
41469702
40899564
40957490
40996923
41487895
41875236
41401747
41392160
41579864
40874198
41525484
42087737
41645474
41524733
41018554
42082787
41728317
41458522
41941297
41843548
41506360
41385647
41660702
41360060
41806851
41520975
40986105
41062544
41267549
41480711
41559356
41368074
41410365
41522699
41321980
41530865
40899396
41070357
41232726
42171842
41451348
41275857
41496100
41608818
41799928
41495932
41337949
41908588
41613948
40752825
41370591
41697620
40842021
40998345
40976074
41008736
41245019
41507061
41425732
41456038
41561420
41808284
41396598
41289823
41690918
41454776
41584011
41855883
41033490
40773193
41279133
41684636
41329967
41581637
41251342
41660773
41362506
41514174
40924662
40885510
40955659
41332982
41595124
41419541
41863024
41873545
41471717
41540594
41471176
41412970
42013882
41956658
41346798
41507241
42012881
41755498
41504147
40961960
40910977
41089305
41188476
41619569
40945340
41502163
41483859
40848183
41047228
41339305
41376271
40941844
40978120
40896270
41659832
41879807
41931542
41948363
41811050
41453844
41073266
41042510
41152651
41533390
40998939
41286026
41907988
41622674
41568515
41282249
41383996
41544431
41309149
41601276
41335858
41297819
41389166
41590636
41294713
41566923
41423750
41578995
41388525
41370251
41467060
41663309
42094041
42475592
41231316
41717829
41438115
41564509
41416556
41846987
41471769
41404574
41593000
41327244
41473080
41980793
41092221
40652363
41434971
41672817
41353170
41419313
41385971
41484812
41523494
41968701
41985462
41248448
41014137
41307496
41620141
41312856
41581500
40989022
40931025
40966401
41330430
41442847
41520138
41392573
40999681
40892094
40914636
41572182
41651069
41734431
41327092
41406118
41406540
41679871
41248178
41608460
40882237
40868140
40861178
41625280
41327012
41661157
41688248
41376865
41368099
41654094
41303850
41625052
41246165
41510390
41005612
41109824
40756275
41483332
41825258
41483682
41471128
41899764
41909664
41514257
41295726
41507113
41346090
41605676
40996205
41443667
41876381
41403165
41124673
41222651
41427309
41536880
41482049
41250813
41539365
40916699
41166871
41808199
40958426
41276031
41459596
41589167
41789565
41435563
41076744
40825072
40916390
41464576
41572516
40888076
41437648
41574961
41225909
41579017
41402322
41577023
40741750
40877599
41505683
41934270
41603121
41443148
41390812
41025952
41319280
41511233
41359113
41514480
40935586
41450601
41520170
41802398
41165878
40940645
41242632
41545596
40918986
41039767
41255073
41676016
40837556
40868372
41449590
41609633
41244924
41387987
41557228
41959797
41443910
41334662
41422280
41469026
41699409
41620664
41460289
41601839
41339958
41566995
41516713
41304974
40990938
40965292
40988353
41400229
42260589
41037554
41110259
41300987
41495745
41071266
41395382
41822505
41422570
41500616
41498510
41281191
41376747
41435264
41648417
40803463
41732650
42228832
41127629
41868921
41281141
41479496
41507348
41499161
40728648
41089619
41311088
41487219
41643308
41862538
41883267
41969347
41820141
41552271
41283565
41617028
40622141
41351280
41649318
41239976
41164086
41572157
41380514
41501006
41072810
41441717
42006145
41757356
41481159
40869136
41163315
40705725
40911613
40980850
41860767
40953691
41047993
40978396
40916643
40981653
41043967
41127651
41622840
41432880
41572057
41508339
41899518
41850287
41428374
40792214
40961917
41209500
41026356
40810007
40878594
40973798
41149401
40766668
40840323
41088248
40943753
41432691
41516285
40890445
41601150
41377861
40840763
41304916
41540700
40980540
40893350
40947680
40829113
41136227
40881449
41079603
41272207
42486937
40979829
41119046
41347414
41857201
41582817
41368564
41490368
41265174
41575253
41461845
41958166
41425769
41038018
40974760
40687202
41524670
41749453
41793194
41810456
40916253
41408296
41451757
41511006
41597484
41771674
41188874
41692449
41437791
41424678
41069985
41226974
41462877
41501529
42018848
41839600
41462937
40776216
41159751
41268881
41537865
41366611
41533606
40942533
40879836
41539107
41981510
41860538
41434857
40847087
40848108
41171684
41427792
41561439
41259043
41543947
40920543
41442039
42066587
41495238
41681809
40989989
40861864
41442680
41549836
41596866
41802100
42018891
41731502
41592456
41342347
41491582
40844663
41012300
40966066
40907578
41155263
41233567
41589681
41322320
41499816
41426031
41602966
41297434
42247860
41207810
40874076
41012150
40805661
41157597
40900476
41440817
42074642
41676702
42068069
41356194
40947543
40974862
40851745
41104352
41388782
41480292
41357503
41534662
41340855
41613947
41259495
41321750
40999467
40969574
41200547
41728516
41067363
40835625
41373516
42192489
41221255
40885369
41549637
41930389
41523832
40952562
40827813
40786677
41852425
41753121
41833762
41452992
41068335
40945888
40814890
41430100
41479940
41117004
40896067
40833564
40849263
41493365
41503121
41483498
41407909
41584193
41768260
41545060
40849072
41079626
40756160
41012663
41480062
41518552
40800143
41117154
40840877
41427595
41500058
41494067
41424851
40825900
40830427
41082612
41445528
41475753
40933377
41420673
41848348
41864217
41792926
41925069
41956299
41749937
41134877
40793450
41574084
41722947
41573954
41362646
41552675
41214955
41742573
41807523
41282408
41888041
41713139
41670532
41613799
41714803
41688374
41455857
41473690
41333725
41444967
41508804
41864949
41455537
41490240
42043979
41710155
41521610
40948185
41159433
41840494
40808970
41596525
41947542
41875317
41565099
41253727
41800463
41576638
41368196
41539813
40739812
41006634
40980305
41376322
41628427
41823773
41140589
41763113
40721970
41191143
41933937
41451280
41801543
41514445
41329968
42040000
41540866
41298017
41709294
41654783
40973673
41433987
41537870
41425591
41578594
41788070
40912331
41122766
40739914
41452914
41359080
41474684
41492785
41343973
41615734
41393532
41648625
41736072
41299011
41664762
40746145
41032520
41206992
41689929
41421896
41486185
40830180
41005381
41644045
41205430
41548789
41502483
41305284
41491834
41772802
40977982
41481205
41485315
41450298
41495512
41346258
41506222
41244982
42015629
41429189
41477049
41302006
41058890
41331490
41937005
41610482
41366384
41429051
40881865
41653222
41601857
41695971
40992367
40776151
41025750
41011674
41362729
41429541
41195732
41778953
41252566
41481637
41554290
41965145
41943665
41466189
41283253
41743337
41773143
41043522
41287279
41489222
41375232
41946251
41497096
41573846
41776108
41356689
41085911
40865104
41223463
41796406
41690090
41551727
41976998
41400989
41303890
41630031
41400158
41348103
41241005
41792008
40814151
41227411
41716800
41357980
41493300
41517193
41793512
41434591
41130282
40992579
40916059
41193058
41614721
41442626
41470218
41161220
41760680
41417721
41806915
41485565
41036891
40835861
41548361
41369853
41114874
40673864
41489182
41618879
41908142
41456663
41311556
41447926
41477371
41344515
41605277
40805536
41024168
41338495
41565102
41309922
41786510
41790545
41246636
41574660
41016533
41383728
41810122
41585749
41363603
41377878
41394219
41586602
41256604
41708697
41719866
41430385
41594685
41244665
41535798
41323908
41565624
41384861
41492178
41490486
41948566
41499022
40861059
40965850
41317509
41529276
41054805
41301737
41541711
41487740
41545857
41867838
41317268
41414566
40925698
41004401
41392967
41433982
41133219
41663443
41446253
41564522
41569722
41871975
41930653
41552760
41776882
41399469
41537822
40799867
40948039
40878791
40978044
41340951
41627196
40805818
41666089
41778964
41581924
41326495
41503330
40997140
40957336
41197287
41759017
40936979
41309033
41420148
41383510
41504260
40949853
41717574
41765031
41981679
41251927
41088437
41291880
41875463
41685084
41710179
41590369
41422001
40872462
41065866
41421490
41483944
40756818
40949102
41231882
41781651
41370235
41449641
41591662
41343947
40984757
41403757
41713346
41921548
41329541
41243643
41681928
41424274
41539997
41350619
41572449
40781584
41547982
41834057
41508349
40840112
41991127
40960123
41505444
42108953
42175997
41602712
41408175
41319673
41544657
41455822
41450543
41493463
42261272
40980500
40877390
41473005
41761214
41872950
41291841
41446567
41400562
41453660
41359216
41550478
40954512
40869016
40937100
40896656
41113125
40863945
40979558
41091306
41672881
41482341
41373793
41539018
41438681
40992913
41285050
41516474
40957028
41500134
41461785
41254182
41602425
41307109
41644702
41313301
41560006
41766986
41310889
41682369
41413899
41378821
41544947
41812811
41515553
41511706
41839209
41516665
41136398
41716000
41313404
41626046
41466864
41820494
41506166
40978538
40942371
41459712
41933493
41839840
41513610
41012369
41259134
41640223
41437360
41463610
41322819
41632470
40803145
41021167
40881238
41559044
41482615
40987573
40733048
41029000
41400522
41617352
40831516
41513861
41994204
41779028
41536042
41536673
41750366
41657035
40736133
41023481
41386668
41645584
41700494
41486301
41557772
41203341
41679767
40860392
41488164
41464791
40908541
41108315
40891057
41376229
42065335
41866931
41815606
41576037
41372592
41354640
41189906
41785080
41014004
41194885
41660231
41315918
41547424
41502201
41361081
41338660
41515585
41394804
41486751
40823485
41000369
41179869
41839190
41271006
41610019
41231033
41466425
41030675
41401365
41513582
41333111
41479008
40958131
41189737
41874875
41772557
41360812
41497733
41044960
40682126
41509685
41598588
41401125
41335465
41463861
41479808
41418017
41529732
40928778
41005969
41386468
42019021
41516648
41307733
41485771
40919371
40975154
41268472
41616021
41444375
41440418
41454954
41937301
41824543
41588150
41317973
41495299
41045542
41235331
41571069
41331558
41459312
41923085
41368957
41572972
41323012
41642198
40841989
41325648
41459183
41051374
41354910
41583060
41335194
41464523
41478368
41824684
41553446
41406466
41518742
41573522
41049171
41609388
41408290
41400185
41566140
41335255
41587798
41596517
41792164
41349894
41578903
41766429
42305168
41475393
41640756
40928850
41502853
41756710
41545802
41350704
41439298
41411415
41483187
41029583
40773956
41070078
40811443
41108119
41339231
41462621
41447952
41554188
41346688
41741712
41702931
41292348
41459393
41079728
40859181
40984353
41175621
41737025
41003998
41255300
41553267
41651697
41686350
41451190
40988800
41177617
41716195
40955899
41543529
41778028
41921875
41906436
41601476
41725062
41644745
41892559
41422507
40933899
40797819
41395837
41524184
41347369
41597499
41404514
41411848
40892683
41027151
41730132
41241675
41004259
41780092
41384848
42058646
42018672
41299992
41373184
41548118
41427857
41410455
41401529
41456369
41051185
40622318
41619910
41496774
41542497
41873356
41594964
41783951
41268504
41559459
40893906
41029164
40886192
40840578
41024877
41387503
41490923
41641239
41371636
41292167
41520227
41351476
41490923
41464534
41616674
41911197
42093139
41667046
41328084
41581451
41470065
41298720
41363970
41520587
41437054
41979422
41504528
41806442
41247045
41799129
41210709
41639586
41443005
41733389
41581801
41425204
41471667
40830700
40979073
40971539
41234344
41565399
41061385
41440210
41555264
41734851
40996133
41355124
41504249
41445300
41480915
40639499
41169473
40993460
41373950
41890567
41547579
41267753
41523814
41540295
42063117
41638704
41408263
41158393
40900410
40913232
41178861
41761059
41414315
41423298
40860667
41401730
41662129
41539916
42179728
40932478
40944981
41339515
41695902
40907461
40904688
41404696
41567606
41397704
41868618
41438888
41048622
40909907
41328898
41437536
41377186
41491416
40968453
41074882
40909345
41367589
41337502
41484744
41403383
40969106
41337994
41602470
40985576
41507877
42007713
41304733
40998941
41277012
41573307
41430705
42343220
41161560
41097222
41585017
41531059
41481186
41501415
41926014
41569659
41739773
41483931
41515972
40757547
40978815
41180734
41710648
41472171
41396791
41532873
41985032
41870091
41496134
41805353
41528334
41375824
40973424
41254180
41586291
41593083
41381435
41535787
41832774
41517193
41258209
41718113
41814330
40868011
40981720
40739895
41545155
41585909
41397996
41879359
41564560
41296259
41398226
41517103
41548041
40725810
40951685
40915348
41411169
41604976
40875855
41448418
41421497
41448999
41651510
41732560
41344446
41794102
41702655
40900321
40995315
41929241
40907664
40929043
41212043
41753558
40944653
41482231
41284416
40968686
41043014
40843387
41344467
41523717
41014811
41502978
41705511
41567958
40916891
41455070
41531421
41416399
41719606
41647214
41785768
40957667
41140122
41418773
42010691
41320735
41453036
41380684
41513829
41895731
41597443
41600318
41021063
41052612
40739576
41573087
41617990
41246959
41608963
40889332
41582024
41869010
41499303
40951676
41015794
40796551
41147636
40746499
41621909
41237451
41559583
41427740
41392326
41495474
40961996
40747862
40903506
41569441
41494545
41020914
41420607
41424556
41714337
41601269
41535508
41458508
41595299
40607264
41078028
41081335
41277614
41522426
41486498
41438573
41409878
41507328
41314813
42115343
42148236
41002500
41444591
41542303
40908276
41143139
41920625
41219279
42006142
41482203
40961385
41381586
41364616
41427520
41518728
41437449
41487061
41457004
41461395
40880817
40947469
41459460
41536251
41336976
41552040
41207117
41647204
40892309
41451296
42028974
41883861
41695194
41644149
41416351
41746006
41664356
40894082
41396153
41564955
41261165
41569423
41554704
41488865
41198000
41655061
40972676
41289739
41500616
40761017
41557560
42084109
41774137
41495958
41334962
41408986
41466534
41461775
40912305
40987664
40969679
41039099
40920090
41421411
41477844
41280752
41534135
41480410
41739526
41587817
41350521
41587616
40845212
40972857
40929076
41350983
41572138
41690225
42199090
41474719
41873221
41397688
40995638
41344430
41605339
40816349
41276405
42122168
41609707
41805166
41584100
41959239
41644001
41535140
41203972
41780050
41427873
41327810
41008512
40920941
41411273
41560486
41325175
41553715
41284160
41389993
41466433
41544367
40866412
40890024
41437432
41454602
41391317
41622921
40818423
40980972
41473278
41417754
41273229
41574365
41419828
41467626
41402637
41643221
41724608
41568882
41827208
41494335
41345603
41500837
41367153
41786952
41617542
41462506
41689325
41725329
40914581
41037897
41060138
42050458
41413477
41607715
41417114
41427605
41511587
41410613
41502421
41258363
41798716
41723248
41185698
41632891
41574622
41803856
41513259
41326007
41557151
41420540
41416634
40851626
41637528
41928525
41398689
40880789
41339632
41615749
41292466
41539651
41450765
41520386
41075276
41124047
41578040
41425761
41463829
41607054
41500488
41648959
41722976
41158269
41467588
41427975
40893823
40939256
41289761
41858757
40830716
41397057
41486412
40854182
41031417
41410723
41802783
41498294
40941901
41174609
42223016
41470855
41437983
41783328
41601873
40900377
41361552
41993684
41480651
41340354
41443544
41654041
41156256
41406846
41647238
40764625
41542455
41763531
41589542
40882563
41631509
41199946
41255648
40779193
40880049
41356393
41617003
41192903
41663348
41012412
41552985
41254287
40970796
41030514
40811071
40936363
40811011
41471045
41514863
41454365
41568794
40893995
40838603
41495890
41457941
41312945
41466035
41218932
41265758
41475443
41305370
41489108
41005177
41464814
41642680
41760927
41343000
41522429
40799791
41076540
40844223
41512592
41450065
41114340
41769163
41508074
41452652
41407377
41729840
41689677
40868778
40866354
41373956
41587549
41001722
41475844
41821218
41584644
41308688
41485812
41402580
41466998
40886792
41344172
41844161
41720574
41001743
41286537
41406205
41678817
41669040
41372904
41642090
42010847
41299029
41170855
41696749
41293761
41641669
40915224
41056764
41318355
41833842
41565188
41377904
41449766
40897622
41302455
41604821
41026929
40836810
41269666
41794440
40840647
41875991
41170815
41225223
41607566
41238930
45235934
41914551
40881713
41027050
41107910
40804060
40983962
40932005
40960868
41175413
41475044
41883042
41523223
41168420
41722197
41379268
41425061
41388575
41903831
41552207
40807837
41550053
41816380
41603601
40821353
41423790
41480172
41432226
41453023
41203234
41687153
41323735
41590506
41285326
41678377
41289033
41675483
41717289
41411487
41416144
40884148
41157179
40829980
40917820
41452472
42397609
41633244
41885739
41353652
41274674
41690832
40899828
41469923
41834396
41472269
41157311
41843790
41831840
41256072
41693094
40836160
40935652
41408142
41534684
41492655
41361366
41534884
41759658
41538471
41327764
41679189
41416527
41352760
40966501
41157380
41858690
41377895
41356407
41447593
41472350
40972431
40889688
41146111
41321363
41377364
41005881
40885542
41353692
41529585
41373065
41618859
40925917
40859454
40970297
41031049
40965028
40804794
41056055
40933530
41392243
41960938
41999507
41536708
41782069
40892725
41005141
41401169
41512523
40678621
41092041
41401600
41670042
41202985
41525017
41279147
41688888
41356758
41377565
41521971
41927857
41345317
41078126
41309932
41539115
41299292
41999038
41612267
41259088
41477660
40942506
41409094
41540676
40943949
40772795
41333795
41569819
41439703
41486737
41391251
41880550
41576852
41307377
41585660
41282060
41498959
41074419
41836029
40940443
41890720
41485794
41962491
41587492
41707323
41442294
41490022
41283495
41400569
41160287
41306686
41617929
41895028
41857648
41294554
41635041
41320441
41875573
41573576
41299402
41439251
40970638
41477973
41308729
41063970
41345088
41518197
41437947
42033753
41928409
41740213
41546156
40861920
41115464
41828375
40925186
41276722
41805313
41786137
41914233
41523596
41957954
42075530
41129512
41036369
41344437
41496786
41324078
41606479
40822007
41389348
41604866
41283273
41542039
41479274
41514139
40844557
41515382
41789634
41584447
40908316
41410566
41399077
40878109
40929294
41581261
41463987
40993372
41525129
41680975
41458937
41350358
41642053
41339658
41494072
41315663
41465370
41384931
41525130
41608692
41964145
41438750
41796567
41083367
41251507
41420465
41413504
41390351
41126186
40747962
41547601
41868360
41450882
40935326
41202537
41693648
41502758
41415026
41461243
41751355
42199980
41325933
41341622
41532603
41484204
41830370
41544104
41497337
41897734
41413164
41127989
41195364
41508860
41387827
41440965
40917373
40930417
40900010
41542872
41402825
41698988
41214148
41413384
41506015
41440733
41443940
41379532
41457225
41362841
41452055
41161692
40866929
41350118
41467965
40877118
40998693
40895353
41448939
41903655
41411521
41369644
41582415
42072295
41743992
41433121
41549956
41366398
41985265
41818328
41517546
41392436
41846631
41589679
40924146
40888460
41150582
41777875
41291610
41512527
41479426
41533264
41922130
41416961
41848344
41850729
41444121
41433141
41658856
41200144
41682519
40778238
41614263
41838256
41505375
41267036
41617259
41271434
41433221
41366659
41950551
41645080
41377239
42056667
41805936
41377350
41053653
41323250
41612963
41233515
41608094
41436388
41443700
41004855
40911494
41375125
41485958
40883211
40921562
41405330
41393238
41447228
41427632
40965803
41331325
41651663
41379362
41487040
41376518
41481330
41468748
42382826
41434395
41484526
41792462
41424687
41566988
41299698
41700953
41265935
41643168
41265673
41438492
41458948
41391476
41045109
40795951
41437601
41508640
41410411
41490017
41389962
41553063
41410441
41529329
41825103
41619855
41257289
40982945
40883683
41412144
42096751
41773046
41574944
41546040
41314204
41405522
41815544
41599569
41425808
42462405
40887319
41325674
41711053
41976400
41797383
41308623
41565735
40898592
40950585
41452038
41480409
40883353
41453370
41942840
43159633
41580975
41565175
41359568
41455352
41300701
41702176
41298546
41611499
40815128
41024702
40972344
40843119
41022139
40880747
41465563
41496650
41443601
41788707
41550057
41334682
41776164
41753752
40965835
40902898
41338698
41614897
41361672
41491649
41344681
41458260
40868005
40970814
41015495
40839192
41614004
41877921
42041271
41747359
41530182
41289630
41535903
41505826
41847124
41349309
41013061
41026156
41318152
41862974
41715212
41414427
41852885
41413177
41412135
42067009
41926881
41938913
41344130
41494706
41425940
40980080
41349409
41417365
41521135
41946216
41877159
41967015
42022056
41598558
41664008
41138542
40722087
41065939
41208251
41768219
41226044
41976362
41530282
41366371
42081205
41819173
41996639
41451558
41201228
41580605
41483666
41998062
41476934
41604309
41281756
40846034
41481604
41783688
41496059
41014404
41225914
42040821
41639633
40909452
41334824
41527227
41340063
41460976
40945988
41433234
41850781
41719290
41794509
40892771
41140306
41848627
41406636
41847224
41522449
41638541
41620069
41658017
41226975
41691329
41851023
41202049
41777529
41812921
41451798
41484100
41252872
41468939
41677383
41682021
41516279
40809998
41372602
41649904
41367322
41513943
41327632
41600432
41493586
41434748
41344572
41509035
41321839
41495509
40904735
41562332
41944674
41366894
41144423
40800102
40786386
41622133
41880405
41450997
41364108
41739587
40591379
41050571
41605312
41911415
41362193
41204536
40653551
41147880
41412958
41982245
41366361
40871183
41119821
40785294
41279704
41731092
41380559
41462698
41433406
41396117
41375579
41564547
40969474
40698674
41204165
40704065
40936883
41125649
41330877
41474401
41606474
41263084
41540844
41569815
41249369
41395245
40860082
41267312
40772031
41467378
41962267
41801572
41634516
41319597
42014142
41633034
41793877
40703184
41082270
41063006
40844022
41386921
41369157
41487345
41993195
41905062
42086607
41256521
41111384
40754378
40993548
40947884
42090735
41210155
42148760
41650226
41578942
41320770
41461287
41045494
41354852
41396879
40955920
41074116
41283891
41607918
41312934
41607076
40788041
41379999
41923868
41578171
41299771
41459775
41043179
40894657
41341307
41590776
41264366
41660374
41269555
41584685
41360193
41557163
41353961
41473500
41023855
40909243
40913431
41417177
41905033
41522971
40828154
41442494
41890998
41547567
41388484
41375150
41001183
40958344
40929361
40979663
41341909
41555231
41347880
41423188
41434299
41492124
41322313
42071870
41460457
40679923
41225205
40891400
41076070
41293501
41981374
41756371
41540884
41512783
41881210
41745451
41565911
40932968
41012694
41459225
41561012
41242136
41523503
41372315
41500661
41263576
41679750
41302848
41505539
40927296
41273744
41568656
41429029
41506732
41380801
41927776
41804441
41636470
41322093
41458575
40827534
40840839
41539252
41591007
41337492
41824908
41663701
41298941
41647391
41750310
41301717
41690510
41163431
41595846
40915136
41402210
41536067
40984412
41296457
41917026
41477399
41302618
41573826
40891332
40946182
41448515
41470006
41373447
41550343
41394737
41673279
41663160
41517954
42452822
40869241
41376484
41505991
41349062
41644716
41295845
41519756
40885420
41381172
41485576
40847631
40972281
41378968
41476729
41148524
41484081
42269414
41220047
41645649
41579246
41827172
42139808
41625720
41570080
40960810
41340868
41620223
41188408
41485343
41318608
41560201
41448076
41505900
40892877
41593453
41861345
41390240
40975587
40837414
41047128
41471588
41385110
41423148
41427469
41530446
41443788
41240775
42048658
41688248
41784773
41737609
41053140
40810083
41152203
41521079
41434372
41269777
41535247
41435312
41501103
41603031
41738490
41371745
41226039
41819487
41237100
41679883
41374779
41856026
41424674
41205421
41741656
41559310
42029816
41222401
41935723
41276589
42051496
41511804
41338884
41451824
41427509
41424741
41401511
41467843
41606778
41213807
41345688
41545534
40990236
41378810
41463425
41675104
41608040
41500071
41402062
41604813
40913394
40860297
40878019
41471660
41536429
40937947
40879742
41582524
41415687
41344446
41473574
41024428
40798563
40954059
41405568
41421327
41347300
41610686
41417340
41835148
41617818
41430064
41768155
41521862
41316565
41458746
41456923
41496255
41176467
41773645
41260902
41441836
41022064
41344057
41503078
41503719
41519528
40805125
40854286
40889099
41452726
41714687
41256234
41625072
40788886
41478243
41382617
41477991
41815763
41674222
41230016
41549424
41369573
41475397
41312358
41621616
41400309
41382738
41434262
41495574
41447828
41885912
41504781
41821293
41242660
41717592
41483203
41923661
41974534
41520640
41168734
41659756
40867640
40920439
41049474
41229726
41547881
41411780
41506656
41521141
41502136
41841230
41180837
41527733
41524830
41463335
40810817
40956795
41321445
41717854
41301578
41772765
41641153
41534176
41858412
41400470
41501466
41860937
41479986
41444402
41778024
41573307
41391525
41448979
41289527
41514419
41335461
41612520
41294997
41492520
41184513
41781771
41149621
41937206
41683031
41387526
41528236
41909778
41313830
41633148
40879014
41218375
41735737
40765403
41069341
41713756
41732140
41738312
41588728
41526120
41750856
41681508
41260933
41610708
40695655
41264782
41670167
41648106
41832544
41387978
40952699
41598494
41323710
40999924
41574250
41658846
41537843
41148278
40918514
40940726
41448529
41512557
41229037
41438030
41468707
41392726
41495776
41849988
41468505
40894331
40941528
40991379
41349078
41556037
41418453
41436899
41403317
41509632
41313742
41544496
40873382
40954533
40984856
40970080
41129323
41225550
41534047
41028097
40880285
41493163
41443721
41327296
41475690
41723365
40730379
41458760
41677841
41444532
41864012
41520743
41465873
41894178
41900489
41422983
42073919
41817489
41073049
41878559
40925158
40951477
41450794
41480669
41497619
41780300
41404670
40974569
40982244
41282034
41677220
41106882
41721741
40901124
41497169
41492341
41252861
41651404
41489274
41825473
41444884
40938383
41397306
41492121
40895133
41539347
41451235
41318211
41566207
41381488
41519670
40957218
41262629
41541592
41250876
42022124
41595882
41457747
41446266
40908478
40935898
41442891
41458729
40815086
41088509
40943323
40915822
40989085
41308724
41475660
41762898
41002231
41116260
41060178
41752560
41360779
41528128
40913357
40936630
41214771
41749724
41350311
41871128
41493143
41360308
41919697
41728726
41744505
41538826
41417834
40810278
41051701
40898620
41590472
41310618
41045240
41415129
41788706
41516777
40942050
41498613
41572449
41742682
41353535
41695555
41909438
41877821
41266627
41523479
41413927
41421762
41023770
41347646
41442230
40776255
41149502
41475139
42032484
41445126
41278699
41572539
40850341
41474089
41522607
40813095
41075015
40680039
40963880
41621379
41842606
41520784
41305579
41624444
41199293
41689975
40805942
41581176
41279811
41183214
40804447
41409229
41874955
41482935
41480329
41393201
41461996
41853447
41496730
41526516
41623143
41890093
41834832
41204543
41685467
41309207
41755505
41734669
41256288
41580012
40881310
41361742
42435375
40910172
41082638
41107876
41304168
42141053
41633372
41510515
41352325
41647196
41291324
41498434
41870678
40978147
41318432
41521437
41069946
41239538
41606962
41414971
41444224
41369265
41476504
41351233
41606402
41267169
41581646
41223189
41628673
41429366
41595172
41707769
41904891
41451037
41633232
41325845
41367064
41344841
41637641
41349210
41588480
41441057
41367565
41218109
41761198
41386990
41417855
41317492
41557843
40986864
41532587
41427705
41390875
41430920
40966887
40930810
41484559
41693032
41617503
40922385
41015177
41319285
41532687
41147210
41171083
41563422
41345273
41469262
41340675
41776896
41705245
41429247
41535433
41160512
41509024
40779965
41132582
40868225
40906347
41004227
41033479
41115541
40814197
40863067
41106675
40858348
40997964
40694597
41151758
40923558
40849081
40980994
40934318
41030545
41810899
41039842
40938466
40859370
41977495
41050952
40840887
42063062
41903750
41067192
40884176
40995851
40890678
41003435
40843742
41135699
40707090
41262061
41686470
41248856
41604880
42167334
41567893
41182254
40766370
41092369
41837388
41011851
40935511
40884727
40896398
41064547
40803267
41075778
40927065
40899234
40963452
41004718
41178277
41975833
41694366
40638595
42083851
40931022
40876812
41147400
40767342
41093811
40973841
40899585
40769345
41012622
41036306
41849761
40990201
41020667
41845213
41079546
41828673
40956039
41876099
40990723
41817411
41038741
40858349
40954406
41039703
40883376
40838913
41092800
40923048
40913942
40862617
41044071
41999626
42002101
40781347
41058667
41055601
41810359
42008072
41774162
41072795
40894295
41944797
40980734
42033970
41802315
40967851
41964723
40909994
41906687
41147271
40739171
41008665
40797387
40987347
41078494
40967771
40945020
41254257
41691210
40989199
40953885
41821139
41020508
40911057
40902821
40835287
40976046
41115833
40948386
40924471
40946371
40901980
41037269
40938386
40900848
41844803
41090165
40761532
41027902
40912380
41096127
41847708
41985561
41000722
40900858
40863910
42089542
41007074
41850985
40890128
41015680
40906879
40919372
40941884
41053670
41871652
40950420
40913572
40969795
40929991
41788510
41106546
40892874
40989972
41044442
40934931
40831871
40826712
41092801
40822074
40944108
40929582
40986336
42109950
40891261
40931014
40903624
40928711
40936413
41255029
40916668
40823116
40923480
40843654
41070532
41476465
41404364
40981948
40950240
40840387
41039454
40869551
40965247
41206240
40837883
40722481
41036799
40928149
40836220
41049362
41124941
41081210
41599283
42016930
40734774
41231697
40869621
42114540
41709896
41142873
41735152
41191813
41601447
40910136
41271570
40776791
40824699
40879790
40983681
40941495
40927318
40928600
41071844
40974965
40940802
41230866
40646481
41497016
41603610
41133667
41616274
40947074
41542258
41398153
41607999
41987036
41841358
41590857
41843362
41437456
41894695
41369551
40888727
41023155
41354584
41592109
40900008
41428058
41544122
41398204
41375782
41449198
41424231
40971699
40914034
41483370
41916345
41396910
41421837
41541397
41461640
41832541
41685952
40762916
40976348
40928390
41245833
41829616
41730775
40846761
41172079
40984183
41302046
41571232
40934371
41503066
41901579
41357368
40912731
41585999
41873769
41415465
41419032
41607899
41250963
41526760
42060621
41282542
41446322
40968174
41149928
41524807
42112927
40856228
41060103
40830060
40920216
40989123
40990514
40907171
41164164
40835550
40960379
40973604
41857288
40962273
41391221
41378488
41419153
41517924
42047318
40910398
41113471
41729594
40944641
40803141
40986497
42100495
40999491
40860807
40872398
40907673
40921168
40979205
41057127
40836642
40973444
41010492
41018586
41901951
40958106
40962274
40996947
41849474
41038273
41943397
41941253
40923572
41003028
40924503
40885773
40903966
41074990
40788965
41138818
41874640
41018467
41920785
40789957
40883148
41081433
40895652
40931807
41185434
41112349
41192928
41556176
41299784
41982118
41823295
41714967
41331101
41904435
41640160
40944341
41404556
41417963
41290086
41498109
41027764
41335800
42005401
41397112
41439432
42053259
41397253
41553309
41787372
41509158
40761696
41509729
41636574
41724996
40907363
41486136
41427788
41098766
41231940
41582654
41348474
41555364
41307037
41452126
40993823
40897014
41478572
41853052
41509930
41379953
41451673
41483053
41981057
42011602
41710970
41514970
40918233
41164867
41851477
40794016
41634740
41724555
41454258
40828327
41462264
41530238
40998612
41452735
41414236
41794614
41218615
40827688
41367709
41397574
41541389
41853342
41659226
41871836
41453968
41976599
41367789
41384662
41411901
41380524
42141722
41791949
41425406
41354705
41599926
41309052
41580900
41112040
41742660
41412683
41431877
41162593
41719105
41421178
41512196
41033416
41740463
41585761
41734855
41687769
41723013
40982911
41364004
41942977
41408205
40923022
40932741
41139020
41245714
41652022
41664756
40991499
41528175
41377237
41393939
41562728
41368202
41321896
41060626
41305254
41403827
41128190
40816788
41111930
41464788
41928400
42092683
41229416
41427700
41524897
41314753
41566386
41317870
41607982
41741468
41085231
41229697
41730016
41320064
41486970
41310716
41568099
41278387
42554722
41077697
41283455
41489223
41458216
41866067
41510864
41351190
41425066
41341152
41671449
41783275
41539897
41574981
41956122
41831493
41380054
42246335
41712995
41792462
41590450
41195103
41618051
41347233
41461453
41388111
41777273
41613031
41431247
41349877
41404097
41626877
41437810
41341613
41385093
41570954
41321126
41465149
41616047
41378633
40940755
40956114
41318229
41434655
41592505
41548342
41206203
41597666
41056749
41193079
41558811
41260394
41683090
41477464
41972532
41578649
41642286
41368904
41526232
41397515
41529397
41282123
41543434
41353435
41569983
41084001
41599398
41440194
41565144
41389992
41464079
40928253
41407985
41422694
41396323
41417253
41143739
40879134
40927992
41301098
41596283
41247880
41703769
40847476
41306378
41400952
41121719
41231532
41608725
41419818
41377198
40983996
41191058
41737340
40908649
41461463
41627831
41760252
41499866
41612100
41909337
41824002
41185636
41568121
41008490
40937531
40935738
40768039
41113234
41524822
41981588
41804194
41569744
41861779
41352013
41677372
41815966
40860719
40906455
41434003
41567510
40822218
41427092
41571105
41284220
41511606
41415100
41851150
41622992
40824272
41012059
41294858
41585282
41481019
41735729
41581004
41453450
41488172
41357294
42158906
41783256
41788306
41432020
41383200
43194780
43280298
40945106
40796692
40899502
40927503
40888782
40972745
41083191
41636337
41393138
41041713
41492431
41301040
41674486
41277746
41463859
41415510
41401935
41438132
41388491
41574563
41485458
41865117
42000986
41345372
40985039
41451226
41817759
41509934
41508911
41938201
41371228
41069545
41488194
41836273
41468638
40936840
40904291
41423245
41534178
41271697
41545980
41389643
41431671
40783078
41601943
41502119
41083851
41790580
41329422
41663908
41793856
41401996
41920569
41638702
41757258
41460242
41464652
40949374
41411623
41771164
41778748
41731963
41431981
41429837
41521465
41935927
41862062
41465343
41514172
41460524
40907477
40880437
41642588
41710463
41405884
41352925
41611541
41470101
41812722
41583329
41336957
41556631
41381629
42162595
41734577
41417324
41385165
41459422
41428195
41419178
41344561
41544237
41322099
41622963
41462197
41928774
42013259
42167954
41497150
41488516
41477144
41410643
41460915
41508693
41235460
41554617
41129646
41725691
41627031
41894481
42149431
41590192
41504916
40856685
41514583
42085623
41693372
41578601
40810389
41452259
41416403
41518901
41393250
41514232
41895043
42020964
41352786
41342738
41576567
41291413
41569724
41437491
41446268
41492093
42111482
41911452
41820185
42004826
41430870
41197451
41898659
41612253
41447360
41553094
41236823
41595814
41285162
41515546
40974081
41117794
41648129
41561100
41837256
41523390
40854480
41775954
41597987
41548947
41450014
41906405
41716545
41697890
41329734
41482376
41007833
40936992
40917276
41375319
41476444
41502622
41623584
41904361
41785342
41442881
41400215
41578451
41308756
41852065
41224190
41191351
41557614
41493435
41813383
41587899
41393993
41945507
41654260
41795470
41181262
41608147
40984641
40928206
41399232
41541795
41260748
41571269
41430320
41896977
41545721
41331298
41484117
41473530
41816700
41531404
40780175
41435138
41584462
41279222
41643521
41284713
41451227
41461689
41379356
41760877
41742393
41609178
41790310
41009017
41809766
41377823
41477276
41376722
41501200
40901368
41574865
42033629
41718559
41942292
42019943
41440648
41241784
41618346
41340304
41417497
41421243
41523600
41323224
41531997
41519333
42050120
41682182
41415103
41058085
41234970
41635088
41400495
41450568
41447470
41499628
41319426
41521868
40987336
41233157
41473069
41408339
41448855
41286175
41937921
41749167
41374698
41509164
40934790
41399725
41439877
41572633
41750246
41459295
41043440
41333010
41405926
41355063
41588690
41424060
41395827
41423456
41419731
41005320
41477856
41801443
41506441
41438085
41398902
41229702
41708743
41367302
41608469
41887481
41275036
41521668
41349593
41491623
41443533
41536637
41405616
41464865
41322411
41552246
40950359
41403770
41573093
40714015
41621042
41609499
41749889
41469673
41930561
41745710
41509376
41046896
41427445
42200797
41480644
41751300
41269426
41586278
41240142
41647780
40736024
41430001
41569036
40954696
40981066
40845666
41357988
42075066
41940609
41425302
41492165
41692033
41745951
41901076
40860815
41377524
41499859
41332942
41618466
42004486
41802465
41500340
41914900
42042997
41899333
41687955
41597479
40928048
41435180
41433677
41287508
41633194
40985305
41041817
41239421
41942883
41588993
40903404
41343071
41485954
41402520
41490932
40948545
41318086
41564278
41362626
41464534
41447803
41593962
41856835
41470846
41856026
41895296
41442473
41160685
41738648
41330247
41609311
41323326
41476335
41474282
41985672
41869509
41899374
41632583
41783553
41365482
41615251
41928677
41810831
41589014
41210948
41592120
41307586
41545683
41438927
41191112
41695950
40866114
41527932
41403492
41331229
41595226
41271409
41551685
40980184
40930986
40911317
41417879
41576621
41102120
42003705
41598410
40931697
41080007
41213232
41708725
41808636
40926194
41546586
41863067
42066070
41250472
41525657
41733059
41598211
40913662
41450189
41359694
41667507
41815519
41951792
41995620
41868177
41835487
41602690
41229783
41582212
40823255
41464336
41942673
41496855
40953246
41449907
41510892
41320799
41672097
41706761
41066833
41264477
41592991
40844767
41200439
41777510
40873549
40909536
41400506
41454739
41496383
42004959
41695109
41606718
41386100
41476047
41393687
42883222
41574257
41450500
42242484
41510570
41537900
41262745
42009005
41522532
41462812
42045013
41725746
41601566
40915667
41580278
41221768
41494311
42169331
41711708
41430204
41449076
41858901
41462551
41536628
41845566
41458503
41488109
41550254
41768042
41027794
41418230
41508936
41204207
41621835
41329297
41919222
41532829
40923171
41617798
41264358
41406609
41519207
40909394
41458035
41928137
41823807
41487907
41689469
41700980
41559891
40956051
41353132
42024946
41633647
41703184
41328025
41634839
41273153
41524146
41554680
41969606
41760230
41600805
41739582
41138467
41867347
41344615
41635752
41786276
41262734
41565892
41506975
41865493
41455499
41261483
41689050
40907391
41322485
41581341
41282731
41766261
41811794
41279215
41559843
41384909
41458616
41377878
41437728
41001373
40878520
41408664
41553950
41289817
41607839
41337292
41580009
41335990
41998207
41792729
41464817
40983994
41420786
41647964
41778423
41324308
41486087
40907653
41578325
41961570
41803911
41956641
41388217
41640610
41735715
41699199
41758266
41374180
41425665
41405328
41817515
41538433
41382296
41600246
41352340
41356899
41778954
41604926
41474665
41111668
41180996
41589808
41469576
41941163
41730285
41739342
41813218
41393406
41575631
41507706
41778043
41527302
41282423
41459066
41449288
41576433
41248259
41495424
41037442
40915748
40763117
41070212
40866738
40897936
41162854
40816145
41005975
41540136
41935102
41887634
41527574
41238452
41658864
41316696
41534927
41737560
41676797
41717751
41768516
41777903
41968403
41493270
41843454
41766361
41608582
40841842
41476770
41433490
41375994
41451644
41004181
41304463
41622688
40918614
41350077
41573417
41352221
41575811
41270731
41583996
40898727
41001326
41363401
41919032
41431197
40911772
41500883
41638618
41710198
41377777
41730787
41784165
41457835
41632667
41688079
41458136
42372557
41405309
41523255
42020179
41514690
41476380
41811565
41342784
41459610
41119163
41190303
41588416
41409827
41873158
41454960
41420196
41442426
41329359
41638588
41409135
41749132
41617609
40992190
41451564
41373631
41423382
41453296
40868643
41030460
41505062
41394148
40892748
41410529
41373480
41483142
42017495
41363051
41339998
41609644
41331393
41770050
41640171
41367169
41445342
41310115
41610896
40848847
41508719
42025030
42009899
41616197
41560615
41303381
41764630
41210931
41526552
41540028
41905628
41823218
41587093
41345689
41971150
41726069
41687507
41315474
41854026
41613041
41338396
41442680
41452004
41791580
41729616
41313800
41867741
41556887
41250035
41592803
41326105
41904597
41650749
41818651
41624872
41336474
41265892
41518679
41368220
41482533
41341822
41543585
41453898
41327638
41152756
41186617
41587536
41325823
41471180
41433492
41501756
41319453
41481209
41352913
41561979
41350939
41668885
40697999
41400932
41556738
41386173
41439764
41377569
41553181
41494554
41464779
41069511
41832766
41005905
41237851
41498111
41121128
41955521
41701244
41375304
41585282
41365795
41440164
41323330
41569080
41351512
41483704
41355258
41634159
40980260
41210002
41581283
41413866
41436074
41390434
41560095
41303643
41464240
41298964
41534799
41586182
41443542
40857341
42017546
41526884
41800397
41436388
41448307
41443170
41469779
41930145
41797881
41528828
41566216
41717854
41560333
41477975
41926759
41383922
41369002
41643519
40676651
41350410
41681127
41004684
41528547
41316246
41139823
41246930
41638389
41723655
41507296
41884101
41950213
41987652
41359647
41416219
41538396
40874826
41324232
41465432
41572899
41828618
41474578
41333489
41523016
41397016
41495196
41581796
41463859
41667423
41525963
41493623
41223757
41804345
41748772
41080414
41369585
42039444
41753912
41419057
41723455
41889050
41760423
41784367
41479948
40960203
41499914
41432491
41396375
41551252
41761605
41419447
41703008
41679435
41476452
41432070
41355470
41671951
41229949
41539036
41379263
41544227
40785452
41068211
41341313
41461354
41530040
41754602
41620987
40912545
40826136
41438973
41626177
40909903
41379043
41439795
41165330
41640142
41584190
41503923
41774159
41018991
40759754
41117543
41430086
41842897
41419216
41494414
41539187
41246679
41697047
40724212
41524299
41901272
41445545
41318542
41749564
41882168
41278147
41479228
41362654
41513490
41378763
41582218
41340622
41943911
41484989
41366760
41426329
41205544
41713419
41484546
42160719
41626628
41576226
40828191
41555958
41899550
41826345
41621610
40885776
40965733
41021226
41376398
41975350
42022717
41443462
41360059
41896444
41484077
41403188
41444224
41760644
41714279
41336808
41029540
41447789
41365059
41458669
41515193
41262401
41616389
41534780
41558874
41727153
41439095
41974738
41315095
41568542
41945296
42095059
41748564
41910038
41614938
41235609
41529450
41368045
41526454
41187383
41591443
41176674
41847974
41210414
41610930
41450765
41985439
41811137
41525312
41408740
41464610
41356613
42065405
41930366
41392280
41014433
41366662
41513732
40977145
41366802
41487964
41418167
41862431
41514053
41067021
41177764
41546893
40904491
41146086
41224429
41975671
41517679
41368594
41468368
41396125
41740608
41612565
41670549
41836776
41414409
40810780
41458681
41444994
41358336
41620548
41368435
41476002
41332820
41442750
41412206
41557592
40825196
41525074
41458168
41025354
41247634
41524891
40963371
41350741
41440037
41547825
41864307
41566410
41249425
41580756
41293878
41485050
41436910
41935818
41943343
41973587
41854679
41561230
40816700
41688913
41846284
41765054
41472856
40940899
41406334
41621371
40942723
40996691
40623456
40916816
41621551
41930649
41792133
41655112
41500137
41844560
41477537
40920312
41390225
42057832
41916904
41759374
41556941
41286895
41663889
40843881
41558964
41985008
41761648
41512671
41033540
40882342
41470353
41440056
41431602
41447400
41351313
41482946
41340074
41586645
41341135
41449785
41013673
40880398
41529792
41309698
41395125
41629174
41381279
41872592
41597366
41359910
42099109
41683003
41425901
41031076
41354740
41490450
41445347
41969910
41863606
41426392
41026086
41487755
41430609
40962369
41378965
41873976
41424558
41438925
41474881
41620680
42079523
41601225
41840652
41526556
41522409
41863677
42176952
41578221
41487625
41742453
41180239
41392421
41463260
41002273
41328973
41410643
41486172
41297245
41091106
40927445
41420854
41469861
41147971
41837609
41271156
41462599
41392770
41615932
41280283
41543126
41435499
41924458
41920952
41849831
41710354
41715675
40976025
41287737
41595093
41251821
41593190
41508033
41365130
41597868
41387912
41436351
42120839
41772379
41424199
41379056
41628694
41175491
41624697
41321349
41530083
41481223
41983317
41915472
42047024
41606654
41625328
40903261
41360411
41650465
41771517
41540022
41758524
41638452
41299479
41568184
41587198
41840043
41362535
41673757
41561993
41517070
41240682
41210806
41517209
41305400
41776788
41628294
41524323
41286777
41028100
41322423
42069826
41918788
41466357
41493365
41460026
41313084
42031815
41878115
41372774
41500690
41899452
41792857
41635518
41366622
41471125
41501932
41820216
41517600
40941953
40915003
40915324
41394965
41551424
41347949
41484790
41498606
41804918
41599463
41331899
41583493
41302155
41894283
41488457
41335326
41475202
41320049
41555981
40985834
41354411
41864449
41590805
40852349
41445698
41971356
41331659
41434539
41583632
41239781
41647229
41948544
41297246
41464524
41527158
42070017
41749828
41413480
41456459
41505599
41473289
41985141
41912196
41869809
41424150
40984811
41416655
41785775
41653832
41283511
41492005
41633815
41897228
41478490
41374267
41932004
41887161
41522210
40780597
41601636
41983667
41802005
42068555
41940889
41722038
41579986
41367244
41530866
41257523
41576079
41355042
41936352
41578652
41344674
41477006
41428809
41507421
41275598
41597858
41350696
41428587
41468421
41728781
41600033
41310059
41563427
41424299
41466188
41422215
41432526
41357025
41560993
41382903
41502122
40763297
41076070
40920252
40850427
41449147
41432083
41484602
41470435
41311732
41601247
41266259
41579775
41548750
41943834
41978951
41400166
41438838
41975724
41801813
41344635
41488236
41408773
41328183
41609331
41453363
41579236
41807164
40845618
41379346
41565391
41396580
41395698
40941170
41108320
41068257
41667818
41475484
41377946
41472919
41485003
41293018
41874970
41637842
41494318
41819478
41535373
41630310
41489841
41861444
41070629
41841128
41816442
41391161
41539582
41312806
41461559
41383746
41495382
41393764
41629368
41840205
41274075
41545242
41497887
42011078
41617687
42052146
41495352
41350616
41524064
41437884
41423610
41457191
41430122
41479481
41440251
41431625
41952612
41984159
41349654
41372255
41562956
41396109
41886611
41531818
41075400
41686403
41529603
42032769
41560441
41671976
41405467
41535827
41384277
41409815
41450899
41547708
40919644
41365022
41806545
41539944
41501063
41986965
41957161
41753898
41508707
41101818
41404795
41457934
41236406
41647880
41271440
41594203
41033213
41243719
41522252
41311454
41474774
40966800
40948557
41522993
41342672
41365425
41510911
41367777
41435442
41424943
41391692
41265710
41717280
41377445
41867716
41515419
41477880
41856646
41973221
41933468
41819969
41568667
41483750
42408922
41301005
41637243
41448606
41589495
41764968
41303490
41535037
41285076
41497767
41385129
41615001
41474815
41762433
41656138
41269938
41562015
40794495
41423219
41560271
41084627
41281671
41334977
41109743
41293642
41507875
41331992
41557428
41385721
41536498
40835619
41428250
41350576
41505011
41437085
41390619
41488701
41372877
41964185
41479803
41581703
41887042
41468432
41330819
41507806
41332663
41573298
41424552
41500641
41268084
41540527
41454337
41984041
41907911
41956750
41332605
41434630
41558478
41865263
40996857
41359792
41885511
41826381
41611386
40828317
41558428
41890939
41926367
41437796
41547218
41863400
41954586
41425547
41506031
41428650
41212903
41741267
41253828
41493619
41519117
41893745
41369793
41082865
40776120
41452355
41477800
41536038
41910115
41833985
41490133
41337252
41479335
41335578
41476538
41020541
40978672
40961842
41336290
41493009
41252105
41523125
40928650
41439440
41469297
41443006
41410718
41373880
41689472
40848843
41363551
41630622
40860476
41431056
41943296
41870293
41468833
41515922
41817126
41546926
41510821
41792651
41447534
41605586
41368682
41304721
41463225
41345466
42025548
41490526
41377678
41531449
41184854
41601459
41899126
41603152
41331522
40948589
41106207
41737500
41111477
41210169
41486527
41526152
41757805
41547659
41492269
41451362
40846179
41089868
41259200
41496655
41381785
41439391
41558991
41787381
41554693
41350497
41575100
41264799
41546458
40836964
40933219
41440764
41551898
41349395
41484515
41300965
41795918
41710238
41474266
41294655
41029048
41384749
41517945
41025420
40854285
41384150
41628237
40816336
41555966
41341551
41396272
41628497
41360678
41443508
41321214
41582495
41369533
41360945
41505253
41412591
41073769
41311677
41539395
41361397
41666157
41800546
41249983
41616066
41182879
41741617
40841853
41395350
42022173
41899437
41838825
41476279
40922421
41550966
41313079
41625353
41266714
40992339
41373450
41565453
41268116
41564380
41703156
41605116
41451463
41534056
41861357
42074098
42030257
41226339
41389009
41470589
41392194
41442658
41392155
41515100
41488952
41841351
41584809
40994313
41780869
41440413
41304723
41397444
41563739
41415327
41471051
41573457
42021591
41759841
41809362
41994542
41953086
41788613
41217584
40999523
40919285
41544635
41839738
41355226
41367551
41561647
41497308
41942556
41832244
41529117
41137957
40745806
40982111
40920659
41487661
41403386
41394889
41501005
41289426
41514990
41391945
41570793
41573047
41907252
41747568
41933981
41891893
41536050
41322076
41427941
41118311
41282222
41338427
41051649
41441647
41486337
41482330
41379622
41029528
41321354
41407333
41606748
41329590
41375715
41420527
41469788
41919765
41828507
41617159
41404478
41584469
40749944
41523767
41833497
41596500
41345259
42012004
41812899
41655089
41772454
41404939
41450221
41418853
41546800
40870526
41437108
41608664
41720399
41362100
41561537
41347503
41513699
40884582
41462625
41449020
41473835
41440214
40968396
41319843
41442498
41581984
41839477
41939042
41849326
41509332
41483783
41427060
41452837
41621226
41771083
40743192
41500374
41423343
41562689
41788474
41500365
41495575
41960731
42009952
42010623
41436026
41262968
41616398
41187559
41514420
41491969
41487800
41511395
41326055
41383609
41410229
41573139
41370566
40974276
40834841
41351150
41547681
41328098
41599046
40934174
41561116
41434314
41370556
42002649
41811296
41545638
41404919
41878570
41480959
41297322
42036461
41892997
41576614
41321466
41536311
40910841
41336233
41477292
40962145
41416992
41498921
41315124
42083859
41507378
41419256
42118441
41337846
41377539
41382990
41365207
41671549
41242350
41542874
40942059
41257077
41630835
41348115
41610197
41360778
41468327
41291731
42078177
41502789
41455824
41975899
41603225
41732251
40800016
41455003
41567388
41391184
41456263
41594169
41704810
41453089
41378340
41659689
41807520
41414476
41477984
40847123
41008743
41102272
41215811
41502479
41357232
41523498
41419036
41831733
41548003
41448891
42027714
41790779
41450353
40968899
41502670
41925698
41778056
41654087
41249926
41553042
41516286
41921098
41780960
41622912
41299065
41544305
41505245
41288375
41400662
41563191
41371909
41885353
41445014
41418204
41455132
41914138
41664746
41610129
41530311
41474888
41477164
41336303
41470682
41358765
41556949
41327499
41546069
41425550
42055295
41968427
41313090
40808803
41220692
41203599
41466695
41634422
41690535
41595050
41305206
41630847
41867579
41388692
41412113
41514193
41443420
41264583
41620796
40801512
41503200
41388510
41453079
41946374
41826817
41532485
41547793
41815677
41458409
40842355
41194094
41219259
41530952
41275512
41564465
40882029
41441528
41505926
41355851
41554604
41334402
41467516
41573881
41810737
41581666
41400142
42109734
41683162
41950162
41830825
41643760
41231842
41580002
41388000
41468456
40810789
41064375
41331585
41578861
40976452
41418347
41605781
41822287
41011969
41144282
41553725
41044337
41423625
41835903
41520333
40847635
41713218
41965682
41286732
41324825
41496009
41429976
41877247
41438573
41108316
41251127
41474870
41186117
41697308
41403729
41466825
41531153
41889983
41577086
40813734
40953071
40790291
40927502
41153078
40938874
40965564
40794758
41718999
41344951
41473306
41443793
41349779
41441720
41394573
41621258
41332408
41787154
42030361
41507941
41420529
41481842
41431871
41660601
41675538
41389594
41396576
41463670
41472603
41314275
41494006
41103718
41141226
41631208
41272708
41493674
41462467
41504634
41835452
41483866
41541743
40811540
41439846
41497792
40929888
40912867
40969942
41387089
41447670
41455023
41442090
41323662
41612280
41310488
41457939
41346695
41597736
40867854
41075666
40828943
41021517
41336966
41499525
40901217
41358176
41483496
41436449
41480550
41248463
41687190
41369175
43819841
42295549
41007662
40949185
40948212
40965324
40975292
40979569
40928726
41728577
41872522
41473237
41477986
41839500
41551802
41342216
41494687
41399292
41443072
41339020
41610070
40791513
41423706
41614798
40801382
41088981
40862726
41511197
41893940
41468720
41340533
41851663
41523460
41450025
41481582
41437141
42151043
41684836
41582388
41792405
41557914
41735902
41461956
41424848
41451757
41447982
41527066
41565679
41962136
41251419
40929740
41376098
42158437
41821247
42029309
41790171
41622983
41310790
42011226
41242894
41565467
41954322
41914982
41964701
41938352
41908277
41434787
41333540
41545802
41323552
41642830
41374898
42105840
41990948
41926671
41691800
41551972
41333092
41384644
41483035
41546404
41303475
41395284
41347125
41724531
41404391
42053404
41666835
41438162
41506970
41537827
41289720
42021067
41897237
41535494
41261187
41932943
41911524
41396518
41484487
41882562
41477925
41436780
41436941
41465375
41410592
41523320
41928904
41837008
41560638
40795684
41526745
41934706
41825766
41642270
41187822
41575286
41051643
41362344
41476465
40942681
40886460
41314115
41547805
40870702
41033188
40925711
41028310
40944045
40872064
40935979
41122774
40882933
40818835
41088510
40887161
41049750
41098378
41615299
41105773
40974751
40824006
41001119
40938777
40903830
41262922
41680500
41115180
40804539
41557234
41404361
40702101
41493866
41529522
40950347
41381540
41418577
40974432
41108857
41589863
41602497
41518721
40637372
41068635
41142760
40968521
40971386
40980753
40712431
41159201
40734360
41560520
41422905
40937133
41673346
41464152
40755158
40944045
40931073
41038979
40895977
40934929
40912718
40933646
40987527
40869718
41140237
40970964
40873396
41084575
40712890
41079324
40936562
40865993
41036716
40904755
40914320
41198884
40891821
40866953
40999979
40982807
40938735
40860243
40986534
41213250
40767411
41046264
40998606
40766118
41166084
40630961
41015888
41010819
40985202
41145687
40723620
40883044
41410604
41708502
40927826
41125399
40615111
41044963
40987946
40948024
40974352
40918067
40971487
41033209
40826310
41314828
41690797
40898302
41453482
41464793
40890308
41016208
40891550
41074345
40989790
40970715
40968632
41172886
42140216
41595615
40789111
41014226
40957250
41106776
40880668
40888484
41052837
40740361
41083964
40916385
40878024
41328032
40545794
41157009
40909894
40853479
41032980
40899224
41058756
40939489
40943145
40873367
40998346
40996995
41023522
40923458
40764427
41148161
40958473
40922246
41097519
40725124
41047848
41015418
40753185
41184398
40681494
41086078
40818215
41604851
41417317
41510128
41478740
41462438
41500189
41241212
41606013
40795093
41443785
41548337
41300352
41931732
41489339
41536175
41849040
41449646
41203423
41951998
41743477
41473039
41528200
41786495
41734671
41573324
41541355
41464765
41819495
41541917
41488648
41765547
41598610
41349963
41605893
41422137
41923097
41829695
41475994
40757193
40970005
41574025
41564207
40775296
41520506
42083372
41718781
41437654
41573515
41350374
41374288
41577461
41341978
41493176
41453343
41397911
41505519
41853760
41530746
41261640
41571550
41289863
41567283
40918340
40950839
41479772
41931973
41855463
41575118
41291595
41570328
41266008
42001412
41982938
41484241
40847530
41037309
41244589
41711117
41227819
41424520
41416516
41620220
41247606
41549600
41378877
41523242
40884679
41619969
41310230
41028183
41000010
41341778
41475373
41525908
41229662
41458673
41405355
41447704
41496193
40853922
41619349
41402621
40824417
41374158
41527961
41349993
41597348
41417287
42051463
41762001
41595805
41224413
41478149
41569757
41801183
41514857
41110914
41774514
40763385
41246614
40602660
41147652
41465255
41340206
41516961
41665504
41746824
40880351
41352639
42230632
41915024
41876693
41865151
41448034
41408371
41560100
41426433
41994329
41894194
41400368
40919753
41402701
41642281
41228381
41576881
41316322
41480573
41528622
41313157
41594172
42000210
41381282
41023222
40950189
41259898
42006541
41867667
41830257
41550543
41442954
42007603
41828724
41528773
41506552
41294401
41162970
40893074
40836701
41336149
41562526
41412468
41516872
41400167
41667076
41637634
41009418
41468101
41928968
41352991
41440490
41370372
41497186
41556674
41307094
41999268
41916676
41477578
40922860
41334375
41685491
41777401
40899375
40885701
41660335
41559349
41691913
41209065
41759316
41411238
41575118
41782118
41492596
41854792
41346859
41247456
41840437
41387402
41412149
41534013
41953824
41811934
41582332
41882042
41296867
41404866
41481195
41453556
41338513
41507083
40975355
41401550
41637162
41764258
41306325
41599722
41031780
41347521
41879158
41360594
40927026
40997817
41447123
41921544
41657672
40753156
41600606
42015237
41754388
41502605
41386393
41489221
41396510
41360514
41416476
42382344
41102990
40883207
40875071
40844315
40960348
41033733
41038091
40896811
41038943
40943958
40879971
40978622
40937096
40938929
40956662
41018134
41001965
40746465
41103302
40965598
40858411
41007355
40998489
40819550
41094465
40960518
41001044
40713895
40943038
40966200
41021982
41871795
40967872
41215027
40761904
41199959
42728138
40972982
40806716
40963976
41918650
41986556
41067796
40879019
40995924
40948607
40957643
41831571
41081932
40936695
40909375
40942796
40917130
40982638
40877347
41038212
40826122
41010951
40965468
41033223
40795275
40903163
41057247
40855496
41068557
40897584
40902773
40884088

