1834396
1451018
765684
887679
741158
605548
646974
596721
583968
589668
531010
484885
600348
462383
492479
569792
491287
589128
508438
599988
506315
546528
833709
758009
732823
612520
704010
687158
871909
670999
756907
652124
688160
649820
1318594
1875051
2761027
1934110
1473580
1560029
1093138
926280
922302
799656
779348
1036984
642005
606349
607321
594707
659588
608323
625796
589768
609365
711143
576123
783396
725449
700853
1107173
1189816
915049
754212
760644
698559
741007
730599
711263
706054
855239
680066
761706
666149
704230
696025
708949
813722
986851
717053
775001
699171
681267
641344
716011
726481
747560
661651
631155
701685
749063
750696
674857
737972
695655
607321
731540
674676
703489
738704
805608
664077
769230
724568
707516
630925
697388
727173
770994
688652
722775
717906
702106
731421
756507
606911
753852
756466
1015265
1268251
1133934
1143501
1251331
1123574
1255168
1164360
1139534
1111542
1284532
1169519
1195307
1111662
1143061
1147639
1245440
1165121
1235701
1244247
1209623
1115871
1105812
768489
690255
653968
684293
593896
681379
653707
755815
670368
610848
588938
721833
623041
738464
701947
605087
727834
688721
668144
753832
618342
681979
735258
684374
679505
638259
687139
690685
725820
650952
792543
746057
704010
738504
744896
726852
707967
656222
701425
730729
668945
727032
657584
689924
678152
673824
672822
621297
714740
647966
728545
670979
666891
640963
703419
607742
598725
658886
718587
764411
651754
758641
689673
798875
642376
698690
564883
629162
694212
616218
742451
754242
802011
651753
720129
608583
627318
730248
651413
858145
611490
697137
620226
621779
711924
616900
673053
712926
683102
640533
604807
697899
623191
813692
641975
639441
605317
714409
573980
621758
708287
632357
935337
641514
703719
727523
657714
696426
667353
736811
732753
645391
700233
676689
548012
662523
611810
652755
666320
678453
582285
699882
639942
586873
652224
574150
662793
706144
608994
592073
628812
636846
650010
745166
642346
664577
685195
587645
653967
654628
522805
691146
685846
661532
1265316
1226655
1120509
1223268
1151326
1142310
1129796
1120830
1165873
1170712
1118735
1181442
1152148
1182353
1106674
1145616
1240660
1136147
1162116
704951
677361
596311
678133
564702
600549
677130
569562
604616
580292
618542
622840
542321
795519
1801937
769741
620827
703108
647586
668875
713216
719188
702537
771705
778227
642857
663234
575302
654388
532844
659808
578488
673062
639270
685636
566606
555897
674986
616789
648778
604476
596281
572818
683301
631887
627849
692879
633921
598065
674395
598986
550676
651203
672502
703459
692168
694222
673824
751367
584249
659398
560836
628892
660320
565254
629672
595881
685987
585641
531832
610698
611880
754573
614094
702016
648287
732923
597322
820715
597924
670187
637137
723105
582997
577036
600999
666561
551649
688531
556397
669066
622259
696716
608974
721553
660890
576415
733163
621858
686537
597834
601340
632127
621517
651342
564562
743983
831927
701315
613924
664708
605719
621397
631827
592544
613914
676349
612631
700664
641855
790289
624022
688141
634361
690014
717535
630434
647476
592164
720501
698741
642897
679295
595009
596261
615025
702928
576905
588466
659858
600719
731852
592764
684864
708739
643298
705002
728094
615647
741149
720440
632248
742732
666420
647967
714840
720681
633850
630946
600428
690024
613883
694993
714740
661692
701766
643959
597693
732262
609896
688922
581684
605017
699522
588768
674485
617330
693070
669186
735077
701766
792674
727673
661191
700403
708197
627518
730619
642437
816978
640442
719268
684253
727974
616859
587415
611600
705854
598876
592614
610057
709400
658886
715822
624523
711063
644259
828380
1013371
670559
741810
1201708
1339704
1266519
1226795
1206949
1201709
1218229
1232355
1235741
1158880
1212779
1205546
1194185
1162557
1276848
1297005
1208721
1254165
1204854
1162436
1126891
1213030
1194575
1276777
1159591
940026
765263
740066
622029
778237
618642
685866
577697
578708
601291
589489
592074
613994
581915
707617
619574
588757
667913
731570
725430
624583
733765
609735
724037
626256
733394
665589
719268
692759
649770
596081
694262
710362
593816
738644
710391
617881
716463
638950
638479
754694
620256
746458
649529
756016
659839
621658
662784
603384
671180
644701
707817
761857
581183
565023
621778
641064
789939
640943
734356
674957
655501
647726
717424
613823
734306
813953
921081
841063
907867
920249
838478
763499
714700
808714
835292
798655
841093
704331
668074
619114
643649
611539
651082
584479
700233
711314
646153
785180
641004
711133
772406
727323
685295
677240
701876
645783
652024
595139
682931
717525
667783
747931
651984
596482
630244
685465
592033
684073
619183
597834
683702
770152
718687
741078
622229
661932
696917
749694
763760
658045
644710
653116
721803
701165
667853
726762
739535
691957
737071
688091
666039
700493
755235
688712
702878
703810
668033
733434
673835
700784
624643
778798
681017
678794
700904
700844
688802
964010
1124386
1186020
1175801
1148500
1120900
1233277
1159201
1173828
1131640
1202641
1185599
1119127
1167075
1183746
1153019
1193293
1144914
1270045
1184116
1094762
1230291
1187864
1121571
1258664
1176112
1208331
1116091
700553
553963
600599
667743
563571
597443
720671
539436
608403
622570
671951
673694
690585
611789
705403
669917
641845
674015
700944
567859
651964
653306
689322
583287
610698
550827
657584
591582
649790
709800
598255
661231
697007
635905
690756
723877
728646
674476
679625
603073
616769
663726
691397
605929
597013
671079
608805
703409
714690
671029
726522
708859
703889
660510
655901
662163
728635
608002
676058
568750
661191
632788
625094
612691
696716
626156
590530
603685
662133
597002
645342
695253
665870
718707
718657
651684
641364
613232
672552
685446
645592
605097
729136
699261
697488
677811
684293
1245389
1310549
1166413
1194296
1075927
1162216
1112274
1157758
1160081
1157638
1158750
1168267
1153259
1139874
1161365
1168849
1124436
1160223
1126631
1129145
1155053
1164680
1133012
1239599
1136719
1163388
1225472
1226073
1148411
1151266
1106433
899741
615126
668615
713688
684404
655360
602853
652014
658826
716053
686587
666932
618873
645723
662333
577106
684935
715161
703289
572427
680717
735758
580302
624423
857333
694803
610457
675698
786983
637567
672512
589278
662614
767287
714088
776263
785390
685997
649399
830774
677361
741239
772436
766345
732913
688511
720390
685255
686457
763510
648688
766475
664517
779008
894762
806619
815636
748012
668154
747019
665017
720180
668424
855139
791862
750065
686448
692659
691898
602523
721903
594448
689523
556658
635133
542531
732993
598695
566867
600679
547200
577917
693912
578167
634361
570574
579089
574601
586824
511745
632367
610948
660970
668625
668725
628922
800348
693250
732823
695885
721302
691427
642847
664046
791872
614295
658676
750967
689984
657354
733344
792193
981242
834020
700394
791381
703158
645982
683051
700133
784479
801160
716934
857984
737712
683973
622499
669275
686718
2451617
662103
663405
642987
724708
799817
671069
745497
965553
981843
725309
603765
527374
575683
639030
680306
632648
609766
608243
589197
559443
762698
742711
622570
514480
534487
532053
522053
531672
520271
525521
540338
495615
566606
564092
592815
604075
548834
518928
633891
571125
599978
560155
573438
588126
584188
560234
563260
556728
634442
523737
536451
588316
577146
540197
564964
555356
531161
596982
566046
573038
568741
577476
582285
493681
588015
591673
625706
631967
528867
581955
598616
580462
584700
580952
562569
610768
567498
543113
583107
599256
590200
521733
531151
567448
693741
601550
658176
657043
616819
622479
611820
582345
635664
629493
583046
630885
583438
608033
694823
665318
629012
716944
710852
615366
594838
635503
685216
573550
663786
566556
648808
626877
710492
571405
585141
672131
631095
576404
590681
656943
554794
655571
710362
599957
632408
537913
674766
575884
631295
682680
720801
548783
663455
603595
701605
638199
696125
692037
723887
676389
595209
684815
701776
625034
622880
614685
667102
520321
615967
618342
712876
627078
657824
616658
625706
567448
705132
661501
648688
630024
671039
691978
768619
690785
558401
728725
695945
656923
885264
711123
644440
613913
702608
647035
569191
627950
619434
641925
615877
674125
573389
709460
617520
606891
714940
544515
656132
544926
689974
620165
662473
667092
688041
576244
632468
2141775
699291
743653
719449
655430
576034
539406
515481
499702
579180
576445
572307
514120
652244
528005
623551
594828
551328
587615
494453
477952
546669
473965
505864
515011
506284
539225
539075
618733
590330
572798
547781
569031
578588
647956
627479
523606
651904
552780
645852
673394
548653
599186
500043
621869
580893
557149
610818
558181
596582
610037
597152
628631
642055
567207
522464
570594
510092
561147
596802
630604
600359
532082
539576
591852
654809
718878
724708
651373
654468
609265
670798
580522
674666
689102
633029
774039
740096
674155
723105
659638
665068
675788
741810
731440
713648
626217
725709
621918
759383
666891
722805
704070
681358
683242
714129
764461
715631
731020
714119
752279
683682
770102
668044
684614
672892
659428
701625
678352
669726
678102
712005
720390
688211
707756
685105
705522
717795
690816
986121
1181722
1205316
1144042
1128123
1184718
1107575
746218
666210
648818
662504
638499
675878
712997
692910
720640
738113
608493
661151
644240
665579
673152
697007
683893
756878
764492
687320
734165
661311
749594
621117
706475
737351
715210
737912
712125
599296
728836
688711
656051
842015
758290
662534
635964
717505
723716
704510
2313622
675808
625134
715411
1170180
818531
627629
704020
656563
724508
626927
705703
670237
801460
670478
745025
759763
683582
686417
666291
779690
897607
949793
767908
720991
665369
745977
725370
709660
732773
657654
1086326
697819
662604
672271
711453
729056
676940
669507
663435
730378
811338
686046
831525
706545
625315
671260
597834
654388
639171
650351
671690
682230
669286
701235
693170
686608
700944
749354
659017
698880
625625
761155
870347
815145
754393
849438
703209
799015
826747
804886
727414
810416
838789
840101
711404
791021
799516
781723
796821
905662
904591
910371
749975
581403
700162
575983
559392
679444
588557
584108
585081
581825
789608
743263
629792
676249
730128
789929
999466
821567
795469
824092
681889
744434
754013
724668
750677
1603541
666712
590610
621488
568210
719148
717055
694122
739205
737502
726552
739797
705884
775061
692690
748182
640102
618652
530479
547821
549935
531993
550076
535920
543314
541620
535419
542402
544656
521253
523818
507969
484815
534557
482462
582165
553843
511926
519830
673304
719128
644511
630224
572087
617220
622230
530150
588688
583427
559774
510152
664678
555275
509241
571285
577677
545448
628091
526773
521122
546660
582055
541050
586503
588227
651904
599547
608714
572838
508951
556217
523046
537523
579560
631486
634161
689493
599307
715451
636536
725911
617921
685486
653107
738824
675087
523597
467433
666902
607552
641284
678002
611399
672612
608073
672773
622249
666692
677732
681169
553713
659348
614535
652976
634382
678734
689874
681439
649780
627900
594598
685216
730730
677802
607762
690285
663094
585612
678733
678483
640843
717345
642096
694133
710092
716624
657404
614766
589258
711374
616498
612321
709931
663826
577897
700143
721743
596512
662985
764202
713237
728616
605178
660069
586263
668695
696877
677381
707917
671490
654529
727253
673464
706074
673093
705453
701085
599637
659438
669317
619544
635223
584971
567388
620025
617872
695264
581545
580251
568890
662744
717255
618281
641565
679134
704040
574842
716704
653127
677101
686738
666481
652776
584720
645852
669476
606009
649940
522455
632608
659518
597464
689654
682571
644851
683102
607943
639602
663996
693190
529347
647175
691538
636856
615086
664107
658045
658226
545077
628651
662564
682861
685325
661191
698180
657424
642828
672251
685326
687209
619324
906916
1169590
1063214
1223190
1189257
1162478
1147609
1159832
1124406
1171624
1148601
1125920
1127112
1171524
1129556
1175912
1152849
1151768
1180190
1152910
1164201
1180210
1132602
1165663
1156857
1187413
1146778
1105792
1210586
3195141
1559491
1160373
974771
595510
587996
669227
548974
619384
694743
608384
744185
614034
547571
688041
689163
647626
686929
621458
750036
647777
622570
660510
588667
688582
620586
662374
595951
648838
638770
672041
691287
618523
688792
649880
741479
603766
649890
567499
642437
742502
663555
606029
682610
612281
618883
567499
570473
704011
580702
624915
625716
641104
606741
675097
582576
642036
625765
570604
608744
721873
726071
594288
640162
600439
635433
581264
620045
606059
629583
645653
558071
578929
717595
606510
638730
632638
697218
596161
692398
663155
707527
683191
586182
656152
599848
661652
583428
679585
624484
583858
582075
739435
586423
673093
593576
633160
572087
595279
491347
588477
597424
604447
508559
650131
592495
623171
652114
710202
595660
644380
587555
699693
607763
604597
682330
643849
604466
697819
630144
604497
610778
668265
610838
643468
571816
641795
713037
680988
608845
670839
616298
641234
733385
580763
591262
710963
625706
695966
556849
650391
588487
635193
582075
704491
683152
630254
642888
684834
672883
737522
680136
674926
670899
617180
631737
587966
691427
675849
673605
617220
669186
621578
723887
657034
969490
1200127
1161675
1192633
1170933
1170682
1150365
1172496
1149513
1199356
1211037
1271719
1278381
649289
707006
682992
569753
678383
726061
717155
746469
649009
669567
641836
558592
690115
682260
580572
687179
663225
678243
611499
563311
672772
634763
603625
618572
660750
623031
650180
557269
688212
584560
665029
541140
649950
599528
547962
621137
626667
674776
550247
565475
564482
699802
559653
616188
701115
639441
659118
540348
598976
648488
651102
673655
663385
619174
602773
673093
644441
548383
715501
673254
601521
660581
569131
700043
545548
725981
577486
540999
538244
566607
646835
567929
514280
642687
575804
698871
592073
644280
687740
522665
647425
596071
629844
597744
678574
580682
698300
656192
674757
642597
660389
712376
579781
734346
1018311
1163509
1126691
1194686
1193705
1146347
1147409
1103939
1180420
1148882
1160373
1129176
1129146
1158350
1143833
1139074
1208933
1132261
1186211
1148962
1129627
809825
703620
708328
592935
632839
616890
593857
682961
619834
664237
658806
723085
685436
632599
680697
637527
749204
738935
754744
586764
725059
695635
655702
603926
616769
625335
592435
709741
584810
679676
734266
695845
584439
692529
605859
580222
677602
518418
616669
520602
626107
557760
665178
650792
686568
586193
557660
631015
758532
579821
655731
558011
687380
528116
659538
644660
663927
591473
673544
579250
662003
572407
643739
570173
676850
587054
613573
590891
641836
609746
665039
625676
652976
657805
584619
704000
599236
725220
650040
727825
647696
689474
755976
696516
744916
714890
672702
584319
656653
682811
697378
581595
638480
607863
611770
575493
689553
687590
670499
693932
704762
738374
897829
1212770
1176804
1167897
1168038
1184408
1113547
1153981
1198183
1304840
1193845
1165302
1167606
1174870
1230283
1168529
1085726
908278
666461
588918
679756
637127
639491
574671
700394
599838
565144
636346
585481
643849
539447
624374
597003
681148
608955
546420
709701
622389
550877
679946
534587
620566
589739
641494
561647
614756
513057
589389
633140
620055
668615
593456
561888
654549
533205
675388
636035
642827
680948
687961
545918
829602
1587282
709671
705052
652375
597353
640553
731491
752820
616789
681840
669156
602252
653818
658827
586773
667393
657204
717245
610929
687079
607823
625766
700093
626458
589809
681519
569372
667282
648377
569212
667563
808323
603304
628872
679745
648227
623261
654328
670839
705493
642287
694563
600489
761006
599116
654990
659277
699272
639521
705894
600529
742391
762718
631556
701616
705793
577596
584009
605088
635244
683603
571175
676860
570715
707467
592144
695645
559774
665940
594227
647626
532774
683112
593747
704692
590621
609426
559203
653106
618473
690866
614295
684675
636787
697138
558522
696456
564042
668635
606771
693250
655881
571505
687059
566487
650090
597654
614264
577607
715822
574551
684144
582415
936831
1227407
1155183
1145566
1128775
1129175
1176553
1161626
1155674
1121953
1123064
1149332
1181202
1150795
1117324
1074265
1168559
1152519
1163149
1127072
1260868
1189918
1184848
1156155
1153931
1271528
1139364
1173217
894662
646745
629643
700163
627790
706125
627780
643759
670178
589479
676239
607993
650982
689504
616298
719429
612511
747480
654870
679415
612160
711705
629794
643017
716503
691427
670909
686638
620727
673474
604116
688822
653958
747000
627819
606310
687330
701225
677301
654408
633199
719018
694132
703199
660861
687119
536852
709640
569051
632358
620967
712827
683403
650701
678693
745537
710502
626047
722445
709811
750075
734046
723276
755756
650611
704862
692780
976243
1278392
1180200
1147620
1167457
1187674
1170402
1157518
1135077
1167016
1186502
1153701
1076218
1170371
1118256
1146557
2700468
880376
739616
680377
688982
732774
679676
693541
685877
701545
631286
685065
788266
796411
750897
726362
771104
837717
768599
653477
784820
807111
1047174
892569
853706
759794
720791
780351
875928
778628
816178
732283
814565
831025
981863
894592
788347
568991
734576
651383
624153
654149
669016
654640
675227
665259
673694
630385
689424
854197
1011869
4176495
1220794
1002261
1015155
1176784
1061119
1019132
1121382
989959
1074525
1117935
1217068
1155474
1333743
1220304
1194025
1166244
1120810
1171113
1179649
1180651
1131360
1189808
1121972
1163429
1152479
1203884
1141218
1164471
1166024
1161144
1155735
1176724
1121231
1171844
1180411
1196099
1143542
1179949
1158530
1122683
1173989
1218521
1175962
1192663
1124688
1125569
1188015
2593831
1234861
1175731
1185570
1148742
1144625
1275666
1161155
1106704
738685
694923
623952
599868
673935
665750
630514
655260
642577
706835
595861
724959
705813
701265
639391
596411
663365
663055
754453
756157
719458
718127
705483
713789
638449
702618
625606
737623
592314
770182
609405
648768
636776
703119
637538
682871
650211
564763
662944
688382
619164
723436
1020575
1018691
750276
800999
714891
738053
723607
716774
720721
728525
792093
714219
710532
780301
689905
652395
754313
715191
656562
657424
661542
656542
587024
751137
741740
1347870
1275566
1220455
1162327
1241262
1169079
1207330
1183867
1209063
1152840
1225905
1150034
1297998
1157779
1216608
1176754
1220805
1224832
1253806
1227968
1227888
1165883
1223369
1155565
963920
649640
739205
733876
652415
675979
767468
749214
681449
759863
760505
676850
749744
801170
699192
738033
783607
677542
760164
826006
719449
656613
746268
721001
704862
582586
757179
803223
770513
672261
707437
788526
591192
699933
735999
1683700
1301735
971364
619404
923065
1118516
1236604
714940
735999
645933
824943
1062332
893110
908328
692349
1259546
975622
1223209
696967
854698
1184588
1064306
830895
1184468
809355
921552
880997
1207861
841153
1081848
893501
915291
874194
1012009
675057
924808
821116
2172122
989046
831175
919238
772977
743152
805878
729878
954643
772708
851122
854188
706434
976504
760976
1035212
824062
1413310
1429751
743383
1244318
865930
1048847
798515
992883
903890
950025
899421
726091
1043017
804266
1285965
781884
1469635
1313806
885736
1058635
776424
931541
1020595
1028730
1376322
1131800
898459
876479
938904
918126
866120
954483
993575
1104861
1240631
906083
998545
890746
1065788
856722
966005
861261
779100
814274
734787
1051121
771846
869386
690867
1936378
742542
910001
672913
930148
594178
567468
901756
739126
1000198
693812
776845
942742
818032
1083793
730941
1165062
970523
962448
1257172
1259988
1178087
829122
1037407
882811
1159001
870368
1182154
844270
1053236
957980
1087219
959794
1151678
1015797
1163630
1542801
916763
806180
598696
841174
704632
553944
988477
783698
760545
740388
567849
784439
584660
551299
770273
843299
753031
967277
1155275
1585540
1287379
859037
1114649
1203233
1168539
928886
662454
901867
1059468
1086878
989257
1125179
1214694
1621846
1341499
1590569
1534245
1589927
1124939
948503
983848
535248
1027008
667333
632879
945728
582276
1086908
765575
756528
1421827
1348241
1737841
991141
925760
728927
938433
881048
1101385
852014
856512
784249
672492
1052725
701316
835253
744025
743945
892850
821889
1004847
1165534
1245612
1118096
817640
796351
889503
584440
750476
705483
669577
777236
622961
754885
773860
839871
1304480
1289863
817190
898831
784890
738114
732504
615227
616379
951418
1287799
1391531
936180
793275
874646
621398
540429
1139415
1595298
973539
924639
859879
795320
766436
640363
777136
720741
1000638
1211258
1486657
1009084
889374
657785
946228
1144645
1754803
1105923
943493
1192594
1266841
834592
886308
863295
676831
680818
689774
546600
700535
719640
613654
822069
902768
1612990
1444780
1120510
1320520
1025655
948592
777247
849690
799297
990179
1041454
842927
665549
609186
792835
576535
827569
1312095
1605186
1421116
1153972
1151017
1005178
846394
753272
981223
751138
947882
802532
980732
819264
766296
1033629
1961124
1366836
1182364
1593083
1337882
873585
931481
716003
936180
707928
786252
981944
603775
1011469
812171
1440441
1729405
999867
911324
662103
1030694
664408
727033
952119
906986
1394637
779790
711144
569493
909681
791182
870198
1416787
1482560
1285736
1248597
1078583
706446
770884
678303
704422
892189
833079
778348
894152
789248
849049
751408
1149414
1640290
1258285
1230774
1057444
1152390
889404
751959
642667
636526
636006
697178
803955
597183
579381
787264
600089
732042
853056
1059377
1671388
879155
1024432
1181112
1028240
842868
560937
705684
904231
744546
563942
598536
760235
782566
604237
785732
706225
700735
979510
1950544
1085195
1137121
1017670
751388
636817
889303
842106
579190
578088
619084
553192
699903
803845
689043
637067
649981
685376
784340
1212550
1450911
1345957
1147049
1044781
736400
581354
631647
525561
555517
534527
603054
644881
541090
614425
579671
690105
599017
559865
622490
950336
1296595
1176444
809726
625225
1057464
1043137
988657
813182
701606
611099
692830
667112
697990
626929
698150
607612
593145
615858
676620
705694
1224543
1326240
1107957
789639
1194737
1377535
781584
828421
733506
668716
708419
684905
736170
629363
701887
611069
708248
657885
852044
1205878
1849928
1066680
752169
738414
643218
738265
676229
676140
741901
734096
741149
730901
709581
702528
716504
658807
662274
752750
1186532
1319027
969782
1056272
785942
677071
540428
652085
629673
500795
628882
544245
705343
555867
663767
555035
522395
551499
623722
513969
624994
619435
625596
810848
1243177
1807429
942892
683001
606580
825264
616669
651033
955305
769482
640814
787205
828450
899642
718938
910792
740198
814294
878623
1870176
1194237
920832
908749
1222308
879926
1251362
1085395
840313
1023070
762499
852696
883492
754314
983077
1365273
1988324
1083833
1378156
927244
831727
801601
893902
666933
752640
1282710
1004035
947941
781714
854529
915852
1508297
1292658
944826
841044
887740
1054208
790490
934277
780642
602984
710262
564332
599257
725821
581605
596221
740518
640022
585562
801381
1788374
1486797
1138814
1050762
1843286
1073203
732684
819885
606550
958110
694513
657825
714019
598566
629213
715061
1027829
2140244
1865667
1123936
1050551
901706
818562
902427
1237386
1065629
708700
603776
651194
611700
640524
591553
762379
1309129
1759250
1378087
1166516
1005448
733956
743875
744957
766577
741690
682702
669808
685246
679315
781554
705934
748202
738164
1099071
1781852
1487628
809366
715522
536672
528287
563501
579561
605208
592515
630705
532324
595049
658246
578960
624634
515943
621959
596583
587806
735369
1370022
1274986
1090926
965955
1113958
741410
644271
604477
564623
642427
706184
622060
661172
721383
619205
593116
627990
621849
529107
571075
577487
1088692
1443948
954643
829563
800990
1144795
807362
781784
680017
754955
736771
658056
686298
619274
626999
583208
689894
583198
724368
632990
1177205
1689391
1028450
1034621
679575
740388
694273
706385
635515
583648
656372
594949
669978
614265
710653
737853
619926
706065
568921
741550
652455
748874
1430323
1245662
1006329
928004
663406
663225
702027
603576
675999
618162
669266
582537
719049
596833
570765
729237
629904
675137
634793
654129
773980
1132573
1799995
1152430
779700
670599
928155
858927
691838
695895
649319
785992
763371
578449
536601
578068
542212
590672
705012
646164
1152189
1208383
1598784
1322323
717416
1006480
928295
633059
675398
596262
913017
776665
553593
720091
734557
687831
831737
706225
711295
836095
1561956
1735516
921814
1301795
873885
668275
687000
611129
934817
705955
805738
737272
677712
915692
678994
876850
945698
1482208
1577966
1194257
1113888
754224
1049088
1063465
1201409
937522
855601
795330
987995
723898
951318
605108
739076
920471
1802490
979300
958231
998014
1243247
866752
996511
677532
911244
689534
740989
912375
848959
852295
631968
992504
1373007
2004915
1707625
1159983
883242
1202852
871240
1096987
642237
860661
713077
1126582
1127723
955164
828261
1591711
1627888
1132402
1442064
1210196
1080206
908038
655582
841515
659649
582536
766346
626267
545267
664218
745748
654419
907316
1784698
931541
1251623
1483852
895956
614285
807091
599749
670449
775513
632208
848738
660290
575233
882180
639222
635665
922044
1550675
1533373
1317764
1501374
1080497
968820
874316
944996
800429
963851
666221
902278
711334
722996
812221
1082971
2190848
1068545
833009
908709
1050230
1117975
998855
807382
705364
916814
742181
909771
747902
750787
908739
760055
1032779
1915079
1312826
1199917
1348221
759053
852335
701566
568740
964573
736922
750317
791492
583368
705103
640644
759814
931571
1269005
1399276
1094733
1418701
1117234
684184
767889
565194
644410
811359
613493
810868
736831
853787
949143
821798
887871
965804
1681647
1053547
917866
989729
746209
941980
821318
717326
828100
683693
1003133
816098
1047365
1481778
1020966
645372
1116803
1704299
1052715
1059127
813593
839541
749695
747892
831386
572507
905473
783658
966014
824834
792504
906044
874616
1683921
1800006
1072872
788197
652696
879525
705182
1085475
900484
1211829
989418
926522
863556
1018071
834021
1401790
2571531
1549123
935208
1085075
1696445
1481858
750266
844971
856943
1048648
767919
739146
768240
576365
680787
1288400
1627137
1437466
1469735
1011639
876359
1072742
768991
946038
624854
645733
706716
581013
887209
732794
733425
834462
1524557
1304350
1401700
767148
616869
592945
543715
538956
599017
553883
821448
690426
571576
540318
575904
622691
599067
528567
653968
601622
546519
616068
1067973
1504890
1791270
787575
591734
665900
545668
641826
553072
641125
689103
588868
648719
629974
596823
512006
556878
500164
611640
625265
713899
712005
1103439
1355755
1098169
919278
923576
833681
868615
718277
717155
751789
701235
766927
627780
680707
741240
660621
674747
757880
736691
1159011
2173997
1316663
944725
638921
712837
686168
580813
649189
776785
600930
665980
672152
797173
766436
634903
613333
510464
603936
629533
719229
1059207
1785699
1314298
844531
929267
1106825
768089
626848
530300
612853
699994
890144
703890
767758
731722
606060
625105
595220
730741
879836
1986971
1068063
1173028
954714
1134987
782646
830875
597654
797995
647978
559845
892629
600530
567669
729057
583058
501646
656312
736451
1303278
1253226
1393505
945277
990240
952660
1092699
1564631
1049118
1273323
854318
691918
555436
725470
694553
997203
1800617
1309499
1330178
840503
784570
915532
797704
924738
862103
1099291
893441
1083622
734398
911765
627820
907217
1849438
1444189
1320411
1082581
1132202
938345
761317
860861
925019
712898
918237
722596
752601
973279
777738
1450521
1830072
1072032
1268173
1114850
826668
817290
710192
677482
800951
587136
1135259
816179
1149204
792214
839581
908379
1120741
1649419
1357910
1543583
1136300
1017691
878604
805629
592705
825766
783768
790832
871410
794418
922044
722666
1160385
2361906
1020867
1035053
711174
678204
604427
608345
612702
588567
711255
735009
843809
852356
745107
623272
591373
554544
669197
678745
1377627
1634251
1062083
930549
804797
778088
743364
802092
746991
772828
793747
880057
932414
691258
731261
672974
807433
835544
1891215
1374290
916274
939898
905314
701787
634503
645884
628892
716875
678894
632038
720472
619586
695265
720692
730099
609617
720411
791964
1172848
1437978
930339
879576
868756
730550
654811
721814
831026
839121
702970
613704
672263
643329
597514
670469
611701
667102
585452
598406
598827
1192875
1463755
1089644
865088
917757
980683
695676
760786
648829
735830
625235
638831
699983
741050
574802
724959
740759
633030
768610
701086
901837
1523225
1233509
919429
923927
589680
596593
663416
632630
614867
688112
628372
676340
639512
656293
668285
679827
648679
673475
633260
627540
733496
1473063
1581332
1038239
733375
744466
665450
665410
579842
705114
637017
770384
653898
676991
684926
695846
637659
593537
691317
626257
729649
856303
1733805
1307286
849430
864367
736922
695906
696949
806350
699363
762129
674597
734177
795700
1229953
1054820
1809374
1238770
1005388
692059
609947
653367
1087100
927935
733315
957179
688964
823492
667985
788107
721985
818572
687491
740719
1684854
1359383
1048337
849059
742042
653467
770264
668706
657775
754425
602624
731893
695005
761808
628612
765835
609687
737834
735430
826798
1478643
1203775
1174070
1072762
588318
708659
657646
659479
694293
643038
749816
592234
630436
627290
665841
730851
609116
587656
729719
1347200
1992623
965214
800650
632649
675870
550257
538756
642157
608695
606501
618974
700294
699363
722596
612782
722966
764583
735569
699282
717566
865850
1286999
1653526
1353752
1079505
690616
734377
848899
739306
756157
736541
650643
720752
702609
753973
740308
722996
687961
726263
1036365
1624573
1043068
892881
871841
1013984
799768
679746
724138
627380
659910
767289
718829
705084
704792
705444
687711
706496
666262
771937
763080
1852194
1326211
1000138
841125
764223
665270
747291
661623
738134
696367
705795
743965
663647
663286
694754
688834
685688
751599
750066
997424
1723576
997674
680838
579201
617271
591423
605309
683634
572688
644651
636837
843769
884074
953032
1004366
812802
785782
771576
905874
1673694
1264567
618013
543264
640634
533897
533827
569082
529889
550788
610088
515412
787966
684896
614566
731411
604127
686689
638340
554194
607874
659058
831658
1141780
962198
1019404
1230565
824283
907828
1001110
822210
894693
1057494
940699
960335
1104721
965364
1224694
1192254
1291487
1214295
1002252
836576
787075
795571
805028
847536
886128
1260970
1021008
838479
826247
759594
813023
750867
758061
774652
777467
1502998
1230304
1326933
1301195
992083
1370112
844421
803364
718899
1091958
732203
731622
852286
807212
892770
847296
2128284
1383016
987165
752691
710333
703610
700134
807793
740298
659238
700225
821088
803435
688523
745669
620106
606121
737653
1063295
968760
911905
976545
633781
603015
634723
571115
581755
538014
551790
663637
563742
634623
532865
528016
730390
605970
663567
656223
652616
646655
668836
872282
889044
895936
757089
821559
624554
751028
737614
668886
791823
583879
716825
744386
1899511
1351689
723357
760856
631096
637629
689054
1048588
947952
1267843
1083022
1238739
839442
715021
766807
613524
617111
704662
648649
777888
616901
729668
577367
760165
646034
681039
607843
1066070
1115341
1216148
985432
1255901
730180
822441
761818
862214
964512
768952
638721
635595
567930
563421
579131
636346
603215
565395
668145
854860
882431
1228119
1261882
1014395
1102598
740118
723226
689885
685447
725050
820417
801321
675528
734217
722215
742713
714831
798426
898731
1315392
754044
752841
743875
754063
653798
587616
583348
654039
725220
627660
600299
613043
544476
603326
569182
630385
542723
609156
594028
598476
610648
641746
599198
618102
977016
787285
742342
552511
534869
540469
592976
557030
586854
634994
546420
595671
569593
742642
731553
731352
615036
700765
614907
698842
714751
648999
777447
709952
695897
563492
665170
595801
664899
582697
737353
706966
637358
675499
752651
685147
703550
695355
738756
713509
724689
698521
706676
638891
707127
738575
732113
914640
760296
725652
761066
693673
725231
745968
728166
735380
641356
713849
647737
675859
711705
733015
760265
708630
715272
725030
670810
670610
711395
699132
693932
680417
705945
689134
722155
587385
706376
678534
729569
700024
716024
713869
666882
724790
626548
672493
760145
647316
763682
704422
815677
788968
728977
710052
743494
622050
720311
670870
717676
583479
730170
598336
660851
621579
647617
678634
623382
713218
691499
622020
680898
648338
782847
742082
737503
739106
689875
671431
708419
784981
740869
780262
675919
740128
599929
679025
639482
713779
736121
725210
652085
715983
680497
733496
744296
774191
744065
714921
721253
639603
755466
707497
612152
682772
710022
726052
798396
795339
781454
772508
721504
761848
744506
672733
657856
821308
780463
725431
740568
738535
766417
748945
613804
785913
716614
738054
777356
737683
807603
763291
726423
840894
1163790
1244090
1203544
1150457
1178669
1147201
1191602
1145848
1165294
1202883
1247706
1210758
1193015
971887
695175
695335
771827
712537
726282
758572
738836
741190
766005
753964
711545
713899
699373
684035
746290
710583
673405
730821
742673
744236
770935
728567
751228
693682
667895
756007
746008
736882
739196
727544
652836
582106
707187
698011
647988
716505
662305
688472
739978
699022
729428
716625
662103
709271
760505
786083
783187
669006
750908
748604
700715
719590
745138
1194778
803686
886518
756047
535880
531663
607583
551269
658728
599368
548104
656383
681579
669327
583979
705083
558392
652366
682412
539557
619685
716965
612753
650302
601712
616319
607864
621839
653227
588968
662825
653097
594248
670930
562049
666121
685247
652536
676480
576085
649991
651594
602925
666031
634923
582156
703039
673705
622831
654029
626698
700144
678985
714290
713439
660201
754234
595631
682772
642958
669047
671882
667113
620186
708509
711775
712127
600209
660491
586093
654470
650693
673825
691798
585722
697940
687480
690556
702748
678795
919870
1261772
1137793
1253717
1256272
1214785
1151529
1129818
1159403
1209636
981114
732033
556548
704271
702449
633120
706206
762720
717837
710253
717045
626178
674226
684265
636697
682652
724649
609366
673354
652987
563772
659288
655521
586384
683113
679796
679676
1029372
1040533
839281
857595
603535
668145
625566
626498
690326
657465
796381
679025
650563
943313
579101
681901
730641
675579
633641
638209
635114
894243
856172
955095
812261
1071040
767819
683673
742572
781304
664709
639022
737613
1109210
823762
686399
691498
645322
668365
631146
688002
655742
679185
727965
832178
673465
907157
909881
711605
720502
717576
1135249
1310032
1069437
1736129
876640
608364
634262
531772
577437
620557
509672
591033
816158
757289
707778
1021719
866181
654129
638039
604347
716254
679466
609677
637618
683683
603616
624003
725161
606351
583438
668506
614155
688894
591533
657175
558502
667032
523467
547712
648579
598045
520542
661843
778650
863466
993185
799498
595801
545679
608514
584060
567459
590612
595090
602424
612943
595000
570554
637498
621348
577828
625075
654099
678785
684715
727534
552711
642878
555617
619525
631487
631838
620988
620737
630986
633090
630856
598236
612091
588187
602524
632439
614475
606071
603044
641816
618423
627991
718218
740979
691328
759304
738034
664508
701416
679516
700895
721313
691718
702077
679696
699944
707838
648017
673064
648859
734397
636907
648659
542704
677162
716454
575764
715873
607112
756007
671492
677101
596612
766317
723176
702008
593177
629323
620768
622110
692840
698090
702789
708310
615478
728156
662444
646154
631717
665420
598366
722736
702088
675850
702729
647597
703781
699393
685527
1229883
842337
984559
875689
575053
628692
655422
609025
613864
545739
613644
621308
582798
634914
824694
766838
771115
638109
688904
612011
853547
1088201
763902
613074
708509
596282
596803
702799
690857
631467
602855
636256
616249
676169
836857
965715
969271
910533
551980
549526
563682
602193
533726
589459
821087
938084
755136
734197
624263
740999
811791
735720
801451
868225
734478
636747
672453
796943
679877
838409
1111254
767689
786544
941591
658126
604538
646565
650983
717997
635875
685497
604127
693241
799568
912757
628071
634001
703240
664939
764593
715843
882411
1047015
933815
886709
666372
658287
626688
594589
682481
605299
659870
642267
685567
807131
929388
739386
660231
666712
663867
715332
802554
885116
1065088
754123
606211
738365
815237
731502
628091
706236
659119
602534
581114
655983
571717
634743
692109
676019
660211
694704
828161
952301
762470
738886
784591
1032188
821910
955045
727806
730521
704282
644842
697249
920282
662926
728216
572708
600049
679737
700305
724078
670770
637188
603255
710033
699664
767509
1056513
895015
661903
616911
713650
738155
605449
685727
590221
661703
608705
595571
631928
857926
794248
689745
965375
717276
603005
617151
687761
724820
1515292
874506
821048
930210
824534
734238
607593
697600
606111
686168
549656
775704
638881
611681
713429
633080
629984
611120
608635
699373
872494
778139
1090326
806702
836106
957921
681380
608926
639342
605619
533416
685006
568471
717146
591804
682962
576205
678554
555557
819816
742403
698421
742843
756078
715132
871422
1016079
755546
801462
736722
792706
713239
612292
540048
532524
551279
658377
664478
647978
630466
568211
903751
868175
723418
655061
767358
698091
654290
863206
893813
730440
904723
791183
668766
705905
679316
641265
708570
699233
700736
694244
677673
630105
704352
658277
674557
727465
696809
728617
1073505
956448
771306
610208
714752
690015
819966
725271
624575
658106
676481
705695
717687
579511
709532
660321
672574
628022
676060
676801
946159
1216039
1344064
1164143
1155116
1209195
1182386
1147882
1155737
1195200
1217451
1147872
1149866
1141180
1246374
1260331
1219865
1204938
1219595
1163532
1171015
1166917
1197614
1192775
1215557
1198656
1221478
1196983
1056002
755937
692280
697770
677372
642629
707007
707218
688393
744546
708760
721975
695306
646065
667344
683574
570515
663256
641266
693553
678935
691889
653819
686739
716304
682061
762239
717477
693241
702849
628613
665611
666823
692310
690247
725742
606231
696398
697299
659249
572409
663537
680578
709522
689835
2079715
861733
819384
657435
737663
729890
711415
798636
663898
737914
558032
604227
705764
576255
690526
616240
616941
686289
648199
564434
688152
626568
676220
611621
691979
657686
669047
647297
690817
723447
628522
682101
716514
646194
750487
607433
690186
631968
708310
629765
663938
693913
681209
627290
703611
656554
785301
687321
720702
658116
622871
573460
661463
634573
626268
601302
659459
694154
731382
598096
689524
676661
618704
688803
654751
604407
700285
628953
716895
690166
579411
706436
723878
722195
690436
682021
706877
675259
686850
664528
1128627
1183177
1208534
1179310
1150767
1175293
1159073
1305394
1189950
1207603
1198596
911855
666272
566527
641316
664348
554334
658488
686459
674276
599027
682792
653048
721443
613995
748063
666402
589500
671241
603907
656664
675419
657996
663597
704983
678705
665210
621900
709732
611460
680898
663727
665781
566247
659940
730220
628722
675529
731372
624244
675218
594510
738345
598556
606392
709712
588308
573861
683884
637168
702369
663457
635585
668406
637358
688894
580253
663176
705414
603746
625757
576486
681450
589860
629564
670550
696287
639332
1278624
657415
737143
704222
611961
698642
648308
613124
684406
578600
625627
606732
658387
689665
596073
725912
591173
689154
681740
688012
667955
703371
611931
686189
688353
570715
681921
614115
710543
618503
718147
626157
680629
692580
655643
674768
649641
659469
679015
651885
689915
696437
705794
712747
710593
702288
713248
733185
688644
704322
694394
715363
717707
665601
689454
616189
697209
637138
714000
627821
711476
728246
718468
713869
689415
707148
597214
663176
708911
674217
731012
641215
703270
609106
805549
667684
775684
676851
689886
717026
609356
679766
714852
612582
695857
697480
612392
707548
626568
720723
709792
718128
713600
685928
697269
705415
708580
681831
665861
713289
720241
658918
605008
703832
628692
699794
580113
665912
823142
1147682
1254339
1171987
1122836
1108159
1194388
1131331
1101366
1163171
1130530
1198656
1118839
1191563
1118318
1144947
1168651
1131312
1119510
1188878
1135048
954234
872403
837719
663818
850001
849751
829133
797684
681039
800590
811090
709813
833361
790501
661593
822551
930531
964023
939718
797114
742423
810839
814145
742834
646675
695406
631087
668827
586444
653458
717487
676251
627250
724539
627350
664809
617652
737013
615277
718899
656995
697380
682061
739418
650463
698903
721173
641547
561047
670550
741621
639623
629735
631067
635435
695286
616870
619996
720252
623242
629704
646806
596973
599047
566939
567269
571947
720332
616981
660802
713218
717867
670249
718659
654811
679917
685287
564845
661803
665781
589550
672172
616449
659409
555798
576917
678865
639482
595932
613084
640935
609517
648459
595511
665871
597955
652977
583379
632871
583329
603716
779071
686409
566698
669558
634774
690857
706726
694855
633091
724339
628523
703260
590291
670449
691428
602213
610990
656745
592987
740819
610018
645523
660902
634293
639823
700906
641496
569553
694343
593757
664929
644191
604307
569082
600250
690928
617712
992404
1249390
1107678
1148493
1152230
1139486
1143053
1089014
821148
667834
632870
646735
671411
562199
660962
735199
1032409
776186
735119
633852
699033
816219
697129
633811
731762
690497
628832
806381
773019
635194
683463
623483
688644
716605
726654
682482
588117
691608
686449
654601
701056
586644
689946
634964
684846
600760
648349
647086
614726
671171
658457
730792
708760
617080
702780
642027
630856
701297
646635
680288
707077
626007
711937
660481
668806
619335
676330
685918
631327
672002
680098
637900
685026
682592
661413
695676
727415
748554
700295
569102
749786
637408
564283
721204
716725
661152
573299
656283
631417
694404
656805
680859
723318
685547
732184
608756
680298
662836
662495
650503
625166
672142
684445
651674
656473
675208
687821
642017
643489
689796
673986
653207
607413
618674
652286
572027
731112
587457
642809
675619
628773
647177
632730
655903
670119
632089
701877
648489
745378
670931
587526
654450
691799
614336
656584
668787
688633
670029
683033
704232
690426
698392
690006
667555
659039
695145
682752
688373
661423
706987
711095
598957
682552
603977
650342
688402
768081
633071
726613
691538
661884
623773
694484
639572
640795
581726
712067
732775
674748
689866
712908
601011
746571
717115
622490
641365
759304
1200299
1128677
1223192
1199137
1107448
1176125
1119459
1156168
1122265
1158431
1502899
1255261
981515
744416
704422
952542
620667
661332
770595
694644
817261
586384
772128
920552
630906
663116
706015
683874
855181
1077572
765525
651605
1048789
1050802
1021438
848769
863005
853337
735009
761468
778890
713008
785091
658207
563913
668556
684255
811059
640404
867293
770214
746389
1100575
1422440
1168781
899372
541191
657676
1017732
811200
755607
812743
1230895
1112326
1251694
2022700
1510313
1296357
1250552
1610838
1009246
1219144
778830
821709
791744
856373
814806
1154795
1024975
1260400
1036156
843740
1384780
2003985
1245964
1204768
687010
713159
567559
641777
625666
643440
624214
947652
854820
967058
1053217
861833
645093
702438
781114
570335
581916
576676
548535
787196
1013704
1231837
884234
836537
647547
547121
705785
846955
790231
725751
610449
747492
1322475
916254
756278
585432
627790
555267
620557
678774
645634
816399
889315
731302
1234753
1226758
960886
751309
972398
657005
681961
1104332
1606610
1012953
766257
1040694
786985
945829
738957
790081
741772
635485
676080
708831
597905
699904
683964
732294
592345
768271
1415698
1520270
971747
1010178
902048
783628
791393
709582
729759
715673
744216
768541
618063
766658
739177
691158
683193
829714
856003
996783
1562509
1381955
1109582
1080859
1046525
862064
670650
602615
615599
570274
556859
569523
530331
644612
575805
627951
614206
542173
584430
592335
666743
1487641
1299693
747492
663577
1088793
877763
916214
696017
674727
625356
754004
659099
887691
720763
740359
669277
630546
675880
1148032
2088060
1106215
945258
1272633
797495
1138214
676270
978860
877272
760526
718047
702208
912006
847267
842548
839942
1124469
1741760
1084676
1289414
985482
1102909
576936
660321
720182
558914
626989
770314
536431
674848
749546
560436
800400
740800
609277
612162
921885
1637337
948864
877994
1054931
1160556
792285
661293
714861
741761
787647
673225
604227
635906
566747
831307
783569
608976
515553
831587
1899001
925912
1079476
1503069
1101587
799688
683103
616269
583549
595020
902027
921434
672223
687000
589099
858697
895515
1099393
1792223
1125932
1300935
1169812
920822
865160
927254
902258
791192
1020086
1033250
789490
745037
900024
966336
1293441
1828571
1237909
992044
1637438
1408214
1129097
1484314
1216559
842729
826147
844381
717867
914491
2266781
1446184
1288392
1067193
1372407
943565
928426
877893
1184009
922375
698291
669197
661002
905173
858337
1271320
1078925
1352660
1072462
1299262
1052947
739437
649742
663277
575864
619235
630496
615478
675499
837078
787806
788087
900946
773259
1100925
1281469
1692329
1280147
1207372
3790538
741330
718308
828041
1204097
965004
692410
676020
594299
1213995
1049100
1009306
801492
851945
928156
800760
608585
614686
599168
540850
607574
583469
627560
579822
576245
646465
678104
733476
559414
602614
1049440
1286108
1219765
1030235
1310684
847677
757641
901016
952360
693843
639983
722817
698120
651465
682442
677523
604558
860762
1347252
2370413
1624705
1065139
772799
853689
660081
778449
758753
899534
600881
976356
603697
563793
496619
785102
988578
1583729
2234593
917547
643440
618054
584902
532435
607413
542984
531814
554064
573751
621830
563632
876210
667725
752131
963492
658678
551009
679968
699234
1398746
2017652
1101146
1072393
948314
792125
800941
1093783
1021439
1059710
916325
701948
737985
670310
749336
708751
711717
691098
971778
969763
1040034
1002985
1815197
886510
713279
644512
630606
657035
685497
704974
669378
809628
866022
694013
763572
1160145
1584791
1141030
1254320
978370
784250
833271
858719
837899
697630
824585
890087
804638
725121
810850
753634
731714
846776
2388097
1569523
1159514
1259770
826067
572148
581686
514401
642037
621459
658197
741422
772057
906497
635776
711325
614316
771046
1410809
2050282
1222280
1150708
1354485
1054320
1125542
661263
817071
706296
958884
761569
638431
636357
606251
1009777
1679175
1763582
1323198
1044231
1744156
989400
767379
785112
648689
648740
715864
892901
995812
749927
913851
829163
1890877
1861863
881441
952752
685718
622051
605540
612974
582568
791033
906938
1059139
788177
719390
813575
1098131
1104813
1790291
2237318
1002634
1074227
1011501
1055111
825086
794620
818383
565386
537685
628603
560847
604418
558834
571247
581175
935931
1978659
1742774
1008456
883193
713159
619936
539418
563523
521124
698241
786675
546651
548595
534729
562720
531022
538566
591353
518008
548804
555177
1111295
1891919
1383569
1435625
1176406
987586
935329
693493
726624
679025
717276
687632
727225
679597
672023
848829
674438
609186
889766
1806922
1329368
1146471
763732
882252
569914
550428
518499
531814
617031
520613
649792
601903
812993
843581
663568
610028
710474
637609
855142
1271862
1534067
945739
1065270
730611
1573850
977578
942243
780774
601191
623403
555868
556820
565837
558333
556339
555818
553414
607434
1056474
1478374
1113630
1011642
944968
825266
975975
620637
567139
528577
552131
521665
549597
518590
541141
514481
529679
506717
515713
526173
530220
670701
674758
1507518
1482532
1780482
1302900
1056013
772339
701969
740720
742363
693623
764544
709793
622671
849662
793918
812483
830496
1034633
1805188
1295125
1106927
994810
1032259
726113
547883
565997
600931
598066
655943
675158
764794
752592
707568
706517
735350
818804
1366677
2195300
1381185
1195341
752992
694925
545959
735941
708982
628753
838521
750367
676151
628973
731753
647848
771877
1568390
1584561
978359
935179
864489
707138
914221
805069
864078
665000
753825
663648
643791
641316
1042438
908160
726093
690427
991393
1836747
1661102
1241596
887381
770365
1005770
877062
918007
930120
1048439
762190
796162
976035
763883
778690
1739437
2173310
1220296
1276020
1198787
630897
537524
565506
539848
591274
694845
543245
590593
563001
639062
571186
555116
561718
603917
570665
1055572
1460011
1713669
884446
687732
648960
664820
640124
722847
678595
632360
717657
709583
660231
613284
642618
670740
670420
688403
702569
797355
1352662
1467263
1447768
808585
565716
628262
527015
566207
528828
519721
548154
606823
669519
625276
614446
623262
562571
603677
593668
636578
574773
722756
1001462
1679716
1110013
705766
731433
681330
674127
698962
668336
710373
628803
737464
606932
776206
811762
743104
696017
799679
672494
784451
821850
1913759
1360777
835285
671221
738486
615959
707839
703701
713069
610910
687401
719281
588288
583760
723969
592756
638831
698061
657025
805921
1264508
1734027
1547582
719401
710594
681941
706967
672854
598067
721114
627721
574823
727325
568482
643450
551901
555597
673175
646626
568752
847568
1166457
1955838
858128
677332
788809
640404
633873
563943
696288
674077
724390
566928
701728
626889
656764
708470
755948
602775
715925
789721
888764
1619685
1491619
893082
995230
853158
748464
663136
740600
642068
704774
725251
631578
665862
688232
715474
638020
696168
690437
619295
1113319
2160135
1032590
1074918
815228
965466
809056
642989
741812
633542
712267
630967
692371
710214
651114
719711
714111
621760
852376
1183398
2479225
1110935
928367
1337393
707398
734588
740750
719059
729149
685348
721254
688403
698692
682943
613836
700876
773300
1822090
1666052
957440
783759
726644
1204337
980413
669489
628082
592125
555878
586384
568251
530772
595471
558423
540880
588208
611050
715784
986494
1799088
1297019
881260
805109
902660
973501
910244
1031027
901578
731633
707900
690978
661834
678705
600511
664389
715333
864640
1711525
1428101
746651
679516
623353
675709
656985
708370
563743
648169
672353
580303
714762
682051
582588
685158
618844
701247
711186
651835
904312
1769232
1510193
879477
689255
694715
717888
712027
679076
622442
692341
718889
627741
685558
690287
651135
656174
731192
668446
643551
673616
1663436
1870359
823724
721705
676692
715533
726764
724220
667083
651074
730110
713840
732004
663457
564283
638551
655342
626839
718018
1020217
1911305
1458818
848379
751330
772429
623663
758162
630546
709692
581726
678715
714581
667023
638891
682983
745218
627941
729269
617873
782478
1317166
1843720
953172
707348
701237
655162
700495
596793
707769
639072
696909
754135
664169
642638
665401
720052
694364
715544
639814
764114
1117567
1732203
1389580
780514
698231
618143
715663
719971
770916
826538
690798
825396
803707
698953
593909
699915
590813
678514
731924
701648
1389239
2688072
872113
679787
728878
581285
667414
587206
609006
582607
582046
544447
583419
592455
618915
591955
575334
621189
632499
578349
696377
941942
1857585
1100055
703812
617201
683414
604408
667415
607794
725702
698051
824855
962059
1003867
626439
692821
696057
597405
701548
744927
1456153
1526352
932334
856224
794860
1138045
910694
630516
643851
561068
587536
660572
627020
610940
601562
594138
595001
620027
639944
620978
675359
958412
2004507
789851
1151620
1562029
784321
594549
595331
616350
587526
687521
649872
687522
678205
599419
685528
698723
664769
729700
1128727
1661894
1265421
1162991
960196
911175
775334
785412
867024
782748
752161
870790
875800
739969
677804
660071
714571
833121
1270369
1537383
917527
848730
745639
944397
991865
712879
678805
713320
708360
709031
708000
676481
718499
756549
688403
709903
739779
1010759
1624435
1071332
724750
715473
646425
724099
663076
797976
660101
869408
1047548
1007363
807353
717137
746691
657286
586876
751229
982637
1909953
1340800
951530
714621
732154
798827
826548
748274
790081
730611
736512
660061
713971
950748
1746660
1821790
1666152
2107738
1102158
902709
1298962
1475168
1179060
929799
730662
771326
822461
794339
919731
1395521
1865240
1156148
760887
782768
710083
1024715
1159113
938175
912708
1005189
928547
1010549
1009457
1270720
935701
1178009
1065971
775154
671292
565816
614837
592255
542974
521725
516856
554886
529359
791284
1045113
1073676
761789
707378
640554
660392
709623
611391
659840
1134117
1588498
1444582
768872
762080
783359
647358
752822
698532
777849
671301
732925
642138
712407
711867
736312
611060
636517
591404
652276
1052176
1559604
1546009
935140
736031
610900
787647
602895
685748
671772
682632
724951
699915
689035
553303
631107
827410
1095115
724510
959214
1319941
1794919
1052997
726554
772339
792216
691449
674437
888413
791534
937904
889475
671512
634594
680569
589991
552312
667234
1468856
2355246
1749586
750558
651395
709863
596212
656774
693903
578209
813154
908060
772910
725592
653328
647337
654350
610850
1375624
2077192
1146470
807243
853599
1241917
739979
615108
649771
739798
939828
2143805
1251574
1169152
1071191
1932013
1598837
1310524
1352020
1400690
1346019
1238861
1231868
871442
885929
879216
889084
1207603
1726903
2012211
779862
1044041
1456704
1915072
1550828
1235825
1001613
1103661
1239822
1124580
2105143
2518037
1180263
1049301
979732
799719
890176
1269458
1155477
1017081
1215367
1295626
2034232
2754734
2191322
1549856
1209967
1220447
1067314
893453
1011281
976086
1234453
1111175
2530620
1575814
1353544
1409917
1138115
1071101
1358542
1159895
1198848
976737
1087240
1349676
2761217
1764233
1728787
1718829
1542372
1093873
1368020
1029223
1304443
1297650
2212243
2044272
1588459
1467104
1352542
1462536
1348935
1099094
1196343
881060
1004649
1172529
3000531
2044863
1321625
1167960
1295807
1043640
1084256
966529
1021549
1009037
988238
1102840
2526173
1572199
921544
1006833
1013345
1193347
907328
1070651
829275
1014036
728348
1863117
1814868
2232089
1523499
1274559
1277934
1260212
1176727
968151
1474237
1104763
1089706
1072945
1839313
2650253
1204228
919942
893463
928738
877614
776276
684156
980234
1159925
11035976
2350097
3377949
1759956
1409678
2415278
1613415
1944958
3262726
1761519
1631919
6477263
1670590
1633221
1714081
1426669
2751771
5198307
2737354
2952552
1802425
1943686
2088804
1472203
1115444
1059951
1850393
1717236
948364
1164284
998798
1041788
1067946
1034524
957151
932395
921985
965977
961239
1230587
2447088
1454561
1088514
1135090
1367489
975104
790052
839834
948725
881410
873426
815218
758083
710294
935070
1582328
1921154
1542313
1251405
1201924
970045
779111
1125722
956259
986435
985593
779492
991515
12355708
1886309
1250003
1289425
1220799
2294986
1244523
978410
799790
827180
775585
1076572
1132946
906618
898983
861233
900486
910604
908851
937063
720373
617192
915163
860853
1187056
982638
813786
1145870
1113099
908732
1025457
895116
659921
808336
720192
626449
606322
586656
566237
816480
706978
592416
560187
568191
561849
711737
733397
566027
808556
656434
562521
591645
731523
1673927
2304242
1356790
1262716
1299033
956059
1005009
813124
1070230
938276
1050213
1142584
1180915
1963642
1599338
1365977
1199359
1155297
1029044
997936
914842
1004548
764194
1021630
1281721
1494435
1575485
3380514
1201513
1111046
1174874
1300045
1148504
1618394
781215
1140540
1335952
2330081
1626379
1062936
1386626
817512
1007384
917918
1130893
907038
1126694
928798
1035926
647418
664028
855152
2042499
2667475
1381115
1278946
1108701
1402935
1382617
997135
924300
828933
1109382
817011
1551200
1950398
1215549
1224605
1374002
974984
903201
996294
1109242
5016521
1958293
1341362
1468858
1610299
1395993
1747443
1170315
1066683
1030677
1468557
1257236
1164183
1723078
1675960
1360156
1117026
1332315
976587
948895
989240
1107829
1988789
1616581
1323579
1371948
1388468
1758383
1201943
1062536
1026439
1018755
1368361
977970
1150318
1069298
1040094
1151531
1700135
1175876
902069
1020568
1004308
1813565
1640585
1110564
1105255
1339207
1383078
1430507
1461163
1538787
1395211
1399700
1104934
870911
1030456
1043471
1031007
956710
922837
802384
844252
873406
1223594
1099013
1224145
1277433
1502630
1359315
1198488
815639
792546
867014
1191715
751360
652948
547994
624104
743125
629906
657767
701328
1009738
839113
993368
696689
733998
811822
711757
716235
674568
744357
862114
706016
650193
685669
787787
776396
807424
727696
620137
753373
801382
708791
795352
903572
614898
603196
689265
634774
686480
568271
690868
564524
550208
600020
598627
553624
601452
548465
631248
609397
508110
632840
687191
654381
627581
592917
602996
759205
628933
644903
647067
619626
626359
652507
585804
639022
703402
639423
623253
576446
630607
604859
675830
654821
739568
654831
682813
686760
742513
740560
620658
759765
778501
642308
739488
636968
760667
640725
675870
702509
648299
688263
662846
644192
732615
642408
643080
588408
627741
668246
740760
630606
633122
768872
692131
658318
704874
645574
728397
693032
697070
762030
801943
740290
717678
756650
640966
668748
666693
692070
666052
687753
687241
618113
743957
722296
642308
735340
695206
693222
684206
666203
738386
746321
702329
688293
732635
732245
729520
775545
732605
669429
745499
655112
656515
715724
608556
686941
690187
570466
736523
728197
712047
675579
817743
733677
646516
688314
729820
651085
657536
615709
749997
617873
716596
580274
707869
606101
696128
684656
696628
725883
692130
618705
771538
725893
652637
674237
714582
597726
585372
675470
598077
690898
595982
580574
701207
700737
685057
751480
684697
730912
723008
687552
755517
731573
818364
1165887
1166778
1140700
1135210
1168051
1148635
1119270
1113200
1085859
1153564
1179352
1151420
1198327
1150669
1169815
1147042
901708
742243
675289
776276
696007
661303
709372
592416
664890
614547
664739
653048
663959
633733
668357
632550
657546
656063
735290
670080
624836
606802
676110
637699
753244
631308
605460
736412
643480
769264
634313
735340
731022
704223
712608
773861
731834
745549
674468
695356
701118
700196
628984
701688
600060
599099
673747
596363
577148
618394
583760
645184
611672
649101
744537
607194
756320
641006
703051
679557
681020
704904
707739
796443
755908
781936
885859
1156129
1149256
1177448
1166758
1160086
1184201
1118839
1128969
1138225
1191114
1174223
1181686
1200681
1179923
1203797
1200601
1130041
1159475
1179231
1175635
1111666
1141873
1131103
1139327
1232870
1454540
1446776
833893
705816
688995
745178
616370
601934
733297
691679
715754
718539
680158
584201
681120
628102
577288
688043
634103
777227
648459
727556
610119
582147
708772
599329
623243
728808
709362
594760
696829
587376
667966
736602
602625
683544
603336
688144
608306
658488
595392
722426
617121
672203
681832
728027
622913
706287
630256
736192
580614
578259
642910
666293
765065
656475
599569
599048
642078
649933
572909
704764
622512
647208
601562
679107
631328
610639
588188
692882
648199
711556
624896
698061
674688
706757
694334
624165
580024
672324
667725
696549
641728
679216
598016
670330
620267
739689
638672
685338
615910
706157
605650
611130
652557
617402
718639
629144
749126
1235766
1123338
907539
678485
634745
654171
721165
707128
574192
666764
607594
642759
718709
622963
625838
663969
601242
673186
593578
701859
629354
637038
642158
657476
639543
619897
632460
721736
595873
712628
656895
691540
602635
674268
759105
677113
658518
677844
680610
896890
876231
901347
677373
704353
629825
726574
622983
659440
590523
630887
600912
733167
650643
708531
599769
706316
558092
614116
700045
559114
601764
687261
571387
685899
602204
615750
641647
616320
657496
609257
719591
598307
590202
671091
628142
586796
656284
674798
586776
689356
635826
601843
656615
608496
732355
720213
625126
670791
706096
611922
617803
559685
707739
620909
626889
658668
706558
600471
610640
726184
597235
927737
1098402
652016
697731
678025
580144
710054
616801
679517
678324
706968
669830
697391
639203
719481
690176
685228
686741
640084
687161
706046
685247
663317
680108
661294
716205
730411
758783
1087432
969374
873205
567650
516466
592877
1222372
695928
625437
635936
649381
762300
592736
627921
588879
740971
632329
735501
835906
831969
743807
759555
724911
618234
661774
582999
687732
829645
774603
807113
760236
754776
779903
741131
752713
694505
771938
721675
781085
886139
763783
767019
702360
732946
679487
667264
665762
601082
728598
585212
628342
686961
765135
766468
664008
696518
678856
815499
716566
807223
722847
827962
837349
807775
723258
790623
776897
862386
1204158
1336964
1046206
1048389
714843
731995
674317
657757
862305
887743
706427
655572
652066
675640
811812
750318
705426
868156
746421
734038
732806
617923
700997
606402
786385
645043
710705
778621
605600
757671
848580
746621
720012
986234
899003
775294
919531
828273
801483
827992
776477
667295
748575
700726
728438
689826
805791
813004
1041667
1334920
1108131
1217933
1030937
1400712
880198
805570
752322
721966
794129
847527
889826
1063147
879457
1003547
939848
812884
686420
804578
852587
823894
1424615
758273
721335
889164
721335
699815
659360
728908
678024
730411
693623
763934
662916
724550
792386
796414
714331
650674
733637
758694
1140920
1203216
1348644
882342
731052
601183
680088
699464
600701
640645
651295
699784
631819
683144
620408
689796
662987
571878
595752
580333
597065
580143
729580
1013926
723108
684857
787597
1113480
849591
932555
683254
673486
676151
695286
657938
655052
661825
688594
570175
726835
563974
668978
685839
771227
722818
1206944
978180
728999
1289526
1106617
964875
876382
1274619
814347
780264
683795
795272
700897
663648
998418
852788
969935
1212684
1211382
1045865
1264180
999108
1023093
960628
724421
737014
829265
830708
844753
673457
596003
637680
602876
613676
610048
643160
1015389
941032
934069
830317
1017093
734720
697942
766499
770306
561309
505827
562952
542925
588900
551480
619115
664290
521676
563172
566929
575184
612874
737204
891770
945409
1058599
849512
1119822
1323179
748585
664399
793098
695988
634535
899244
685168
725693
928779
678806
712679
633382
790322
915204
1384722
974594
1181396
1271292
1224917
1363683
1234424
1445605
1526955
957042
819977
750829
951270
845464
1331804
1221791
1180074
1264691
1137795
1339048
1029184
1002265
877945
1046016
1421601
1006272
1264661
1069449
1527908
1798899
1711838
1221791
1177589
1503372
1417524
937825
980495
749758
827852
703582
683875
869809
884797
1081551
1053510
1150860
766098
898512
924120
1125653
1073426
1079437
975155
992918
739368
881702
708431
782057
655043
1072836
802204
983319
1021490
899685
941101
1155057
923719
1277725
863838
850394
987377
812543
823124
767410
862146
750930
932656
1021190
1314763
1239213
1040286
1087343
1104243
1159646
737415
902450
613936
754517
862265
635887
959075
695167
801564
873927
724601
1132897
991434
1372410
1394881
820328
987077
1107099
1175876
1213896
1595503
1400482
1074920
783751
968412
1013536
1273367
1285759
1042329
981497
1383771
1303943
841798
935121
815149
884828
704263
758163
750539
592266
741372
1267255
1306427
1183791
1260794
1257507
1011992
755348
743556
600431
776056
595803
675160
813565
552843
706658
815890
674278
824736
1128849
1404599
1168332
1052538
1406332
1152393
1055794
891059
893423
738797
999520
748996
829174
726735
539689
906067
1175175
1248841
1029456
1097701
1122127
1015579
1365296
770786
732165
805160
762481
1038401
991866
761429
834905
849843
677383
804538
1375406
1094015
919932
1228864
908220
1248590
858449
744979
587447
792427
792997
789802
757913
575234
789421
800712
786034
923269
1215940
1127246
1268618
924160
859049
804849
953255
885018
1097601
1212093
947123
790233
674047
801784
872094
971788
1232902
1229095
1766008
943756
1314693
1153134
722046
841788
786335
752062
1071352
824156
962691
846897
964044
860944
1265742
1163583
1212344
1779674
1263739
914322
839754
626990
624275
703723
767561
696108
847809
610229
760938
946462
685188
983570
1019287
958183
931033
1011693
1429996
1190974
1245415
811442
805050
596343
651426
814968
569033
651626
719862
572048
719461
742133
1239825
1240946
1123909
966959
1242229
997225
1088725
720183
774734
651165
577559
721445
769494
755919
790022
625869
720083
764264
989411
1195182
1059781
832941
801834
1108932
1196354
954857
1298844
1154917
870882
799379
846226
608175
881211
723179
705716
879728
998308
1320825
974924
1176788
1282273
1207083
1234745
992828
755398
825137
938757
778080
704674
644854
815379
890207
924370
1199260
944949
1100777
880018
1282093
1268718
988059
1223384
912860
1163453
807695
910044
679698
1034885
641537
1170346
1515765
1232080
1354907
1041597
1286882
981847
778300
705245
1038482
929149
957933
687793
946983
723309
716857
1135701
1031769
862065
894395
1056215
1210259
1074539
1428734
1120264
903693
726074
858949
714663
987708
766218
976958
913932
1292452
1302461
1312789
1329781
1199099
1092292
793609
794200
653880
747263
904424
724220
911097
626760
713451
904614
758003
1350489
1178661
922407
1202877
727036
973552
829906
1292291
898182
985885
731393
838461
674368
591585
715344
694906
600231
876171
1153464
1214577
1015980
1209298
1219677
1020409
996264
779002
652848
646016
598447
945429
850915
746973
879267
719081
846396
831098
983310
926324
1036969
1089005
1055914
847749
1340671
931274
832581
690388
658899
883785
721285
927557
735000
733768
638712
882382
1006132
1101799
1124892
984602
982979
1065101
965867
668798
702130
688925
679597
634604
836648
1002435
770596
647939
687222
631329
828583
1164044
1036398
1004138
1351191
1013395
1201764
1102229
798538
607033
561259
594360
540019
624646
544668
522257
548575
491780
513190
488444
871212
874618
1194791
965827
847448
769834
846597
1064440
986966
739318
742254
607163
623203
646256
965196
963233
1397967
783621
670420
764785
1426059
1001633
1135983
993990
1076933
1034154
1179423
792908
740801
652247
772089
775725
678275
535160
549426
720713
803898
579412
632831
1145009
1044684
704724
858038
1125102
1079367
963734
1495838
870992
780094
755328
802675
817623
667114
762892
616732
829235
1365608
1037881
900577
1130341
1404910
1084787
1273657
1154887
773100
665291
554546
633783
796224
597977
628674
600762
602916
768473
857507
1039995
991746
1050604
1052207
951831
1077925
1211402
909203
1100076
685980
704594
610239
856134
873847
686320
589641
566989
645655
812334
1098523
776788
856755
769454
744999
1031639
1126084
1039784
1027461
762441
761689
705405
659571
749958
836758
718200
681972
810680
810540
1079037
983931
826239
818585
822272
1096630
1162151
1180184
816631
742524
728598
684227
783419
643671
673907
652197
603307
593428
654401
922748
1200522
891711
937675
1008827
863739
828623
949928
1031098
773211
686501
792987
756811
675430
617743
559555
528378
576607
551832
495126
1126855
919181
875711
867876
886861
999229
758253
673637
770426
628844
653780
591244
711818
634614
621460
779443
637370
650003
663147
702951
823745
1135361
1342595
1084156
1054912
859029
1059200
715905
723269
614397
690228
635736
696369
705837
668958
836968
620448
704784
653469
710966
698533
729299
845344
939579
927957
828824
822903
1188540
714141
669248
638201
719511
526785
565747
546882
703432
603627
735141
612944
611171
694215
684777
621941
615299
836639
1100216
1080269
736212
744388
766689
1108662
772420
653559
598377
608797
698773
598617
716235
582688
702060
709994
641407
674969
591014
656064
585273
967882
1000842
950639
787478
771818
791495
646186
860262
850614
1133047
839594
713501
888875
1017833
824756
780545
843070
754517
889626
711417
1023394
825057
684036
740089
610801
680860
665622
588238
672194
668758
601463
594329
622222
647348
630536
718019
668898
718530
601794
664760
606002
691449
614707
674879
594961
900366
642759
690427
625227
727857
865612
1076732
896299
943686
780855
652748
716295
789811
635226
678355
672605
831799
713800
750378
799339
754256
880149
772369
856485
650283
646757
627591
710765
593228
716807
600281
665812
674739
682103
724481
700356
730793
639463
596754
710965
623323
709352
601503
753404
629114
658739
722968
765977
653450
722827
723179
655834
716456
715484
718329
707248
608426
630647
697551
689275
696099
643481
711807
666734
590092
759095
664219
683385
715815
655443
760277
700516
709253
1183099
1191114
1199700
1172029
1195322
1122267
1125853
1134309
1091380
1225978
1173652
969965
686561
665903
706217
778120
597857
719462
634114
730842
587087
814207
680459
665972
593058
748506
649112
636968
622582
588870
692872
638301
607875
639924
657697
605240
683365
772209
605882
686711
619978
685989
635225
630246
616881
720423
640886
606934
764805
741903
712047
674728
667656
701859
581857
675220
615920
693543
624585
718389
686330
697090
611141
582999
663398
612143
720413
675710
664901
635897
665702
614657
667104
606753
722036
655082
604729
689866
658348
580624
706958
624816
659571
616822
698703
647669
576697
708942
595152
706928
729059
719191
720163
676893
616060
646907
721445
728458
751722
646927
800041
753435
692732
655583
636488
712729
579011
727997
696619
584882
693723
599540
561489
626400
565647
658188
592927
668026
634594
713420
638011
639133
636678
1181697
1128338
1062045
1132596
1087673
1139098
1114993
1125393
645494
866173
783500
799830
719221
707209
855924
740530
1084708
767671
772469
834324
765747
918249
709533
668327
874499
831299
988840
939459
992617
1582448
900126
909724
922497
1068969
891369
1010009
997617
917408
840155
956550
1019196
1109974
1018735
918470
995422
815119
779612
796594
925884
1209558
1612674
1005270
985333
840025
810790
1052047
1128608
914493
1122548
1133147
962982
1177860
1114573
820869
832902
1009158
836829
935431
747574
657406
756760
676111
762761
647748
778080
1044212
1003647
858158
1014327
998338
768682
848710
677424
765166
661415
771027
881181
722727
752242
660163
675700
795593
689296
776277
765216
946392
907861
1212866
1387017
893764
687022
596785
676612
559626
606884
787859
735942
1136323
1019397
921035
970316
658258
771999
713250
668227
665743
655794
619908
736794
1217134
1130653
672946
676523
656395
601924
611171
605231
653820
1210440
941964
919472
945270
738227
628323
667375
663187
614297
667095
733739
844854
1400542
1695829
971699
976067
940070
750359
721486
628544
716286
681873
648921
699815
636939
602926
622042
642069
867716
868668
759516
1429246
1313271
940161
900838
880389
711146
764014
872876
682874
838252
1101469
1229155
1181797
852958
661555
762121
873257
1186667
1468608
790804
709253
779202
619858
615590
583861
663409
690989
758194
689266
663117
662947
763353
618134
612895
661104
700887
651766
658629
882143
1345040
724090
712690
606383
735542
664691
703212
647489
721897
753845
575395
653851
641558
657457
661915
734800
835065
724501
780244
721075
614037
709694
689175
712318
900107
877945
633703
666814
649833
688455
684988
620779
627531
641117
696830
678706
621320
645305
704333
646106
709133
609759
650023
626009
705356
585423
578571
627502
830999
641768
673036
576347
699725
629906
738928
702551
645365
712769
694526
710205
723799
726766
706768
726475
752313
753254
1086071
1186677
1343366
1261525
1171659
1195002
1228475
1161900
1169234
1173132
1154878
1158254
1140051
1187128
1169455
1135892
1182168
1118561
1227242
1168553
1183691
1165087
1199961
1161019
1168883
1113502
1149548
1147634
1186857
1164786
1174484
1147805
1186947
1122839
1236428
1225087
804530
1042860
918520
842239
669820
730762
675170
714222
645985
750820
754587
763403
743667
729059
662216
688394
722056
694205
639805
580875
613966
679568
588169
616872
686571
693283
666193
695879
688895
729049
672445
700307
589071
770917
611452
707690
642360
761109
790102
649443
708332
760257
624506
634805
694315
566048
715645
579983
719722
580565
751591
781667
739128
737936
749397
634585
764706
627762
739869
751011
658970
736413
670271
684948
783390
686290
653179
730092
1201043
1176518
1159406
1107199
1174003
1139489
1164365
1131695
1141212
1143918
1149328
1116537
1151952
1118110
1199861
1117258
1122549
1081702
1101930
1072205
1129961
1067746
832201
699304
588669
663288
634375
641537
619748
633854
665442
599490
596604
671283
626569
609458
661064
608717
699886
661875
617553
623214
633393
597647
551511
703362
561630
614718
664260
671483
613355
668958
620278
620799
672395
599841
700416
627792
563072
641858
643051
643512
649201
591635
662587
638702
663218
528188
669069
654973
690148
594881
653029
665152
604439
695106
692792
683956
660563
604028
711968
635116
695668
703973
681892
653009
624015
677003
698803
684458
674990
685739
631680
691570
630497
715224
655002
644854
672465
597135
581126
608035
586997
671443
584672
668578
646196
662626
617653
574233
723058
657958
653620
558855
686731
684287
605191
670441
618324
691079
581386
678526
697031
720133
580164
671503
688244
662186
677885
721616
703702
606503
722237
650554
662947
746211
596454
651366
737275
637961
697531
617584
752513
719332
671193
595202
708863
583140
683075
719312
623654
885449
644744
680580
600822
726465
616221
689156
615099
593398
694867
587969
727426
587177
566699
713801
609940
715294
673507
729260
655003

